-204.1,102.4,73.6
-204.2,102.4,73.5
-204.2,102.4,73.6
-204.3,102.5,73.6
-204.3,102.5,73.7
-204.4,102.5,73.7
-204.5,102.4,73.7
-204.6,102.4,73.7
-204.7,102.3,73.8
-204.9,102.3,73.8
-205,102.2,73.9
-205.1,102.1,73.9
-205.3,102,73.9
-205.3,101.9,74
-205.5,101.7,74
-205.6,101.6,74.1
-205.7,101.5,74.2
-205.9,101.4,74.2
-206,101.3,74.2
-206.1,101.4,74.3
-206.2,101.3,74.4
-206.3,101.3,74.4
-206.4,101.3,74.4
-206.5,101.2,74.4
-206.5,101.3,74.5
-206.5,101.3,74.5
-206.6,101.2,74.5
-206.6,101.2,74.5
-206.7,101.1,74.6
-206.7,101,74.6
-206.8,101,74.6
-206.9,100.9,74.6
-206.9,100.8,74.7
-207,100.7,74.7
-207.1,100.6,74.8
-207.2,100.5,74.8
-207.4,100.4,74.8
-207.4,100.2,75
-207.5,100.1,75
-207.7,99.9,75
-207.7,99.8,75.1
-207.8,99.7,75.1
-208,99.6,75.2
-208.1,99.5,75.2
-208.3,99.3,75.3
-208.4,99.2,75.4
-208.6,99,75.4
-208.8,98.8,75.5
-209,98.6,75.6
-209.2,98.4,75.7
-209.5,98.1,75.8
-209.8,97.8,75.8
-210,97.5,76
-210.3,97,76.1
-210.7,96.6,76.2
-211.1,96.2,76.3
-211.4,95.7,76.5
-211.7,95.1,76.7
-212.1,94.6,76.8
-212.6,94.1,76.9
-213,93.6,77.1
-213.4,93.1,77.2
-213.8,92.6,77.3
-214.2,92,77.4
-214.6,91.4,77.6
-215.1,90.9,77.7
-215.6,90.4,77.8
-216.1,89.8,77.9
-216.5,89.2,78
-216.9,88.6,78.2
-217.4,88.1,78.3
-217.9,87.4,78.4
-218.3,86.9,78.5
-218.8,86.4,78.5
-219.3,85.9,78.6
-219.7,85.3,78.7
-220.2,84.7,78.8
-220.6,84.3,78.8
-221,83.8,78.9
-221.4,83.2,79
-221.9,82.7,79
-222.2,82.2,79.1
-222.6,81.7,79.1
-223.1,81.1,79.1
-223.5,80.6,79.1
-223.9,80,79.1
-224.3,79.5,79.1
-224.8,78.9,79.2
-225.2,78.4,79.2
-225.7,77.9,79.2
-226.2,77.4,79.2
-226.7,76.9,79.2
-227.1,76.4,79.2
-227.6,75.8,79.2
-228,75.2,79.2
-228.5,74.7,79.2
-229,74.2,79.1
-229.5,73.7,79.1
-229.9,73.3,79.1
-230.3,72.9,79.1
-230.8,72.5,79.1
-231.3,72.1,79
-231.8,71.7,78.9
-232.3,71.3,78.9
-232.8,70.9,78.9
-233.3,70.5,78.9
-234,70.2,78.8
-234.5,69.9,78.8
-235.2,69.6,78.7
-235.8,69.3,78.7
-236.5,69,78.7
-237.2,68.7,78.6
-237.8,68.3,78.5
-238.6,67.9,78.4
-239.2,67.5,78.4
-239.9,67.1,78.3
-240.7,66.8,78.2
-241.4,66.4,78.1
-242.1,66.1,78.1
-242.9,66,77.9
-243.7,65.8,77.9
-244.6,65.8,77.8
-245.6,65.6,77.6
-246.5,65.6,77.5
-247.4,65.4,77.5
-248.3,65.4,77.4
-249.2,65.3,77.2
-250.2,65.3,77.1
-251.1,65.1,76.9
-252,65,76.7
-252.9,64.9,76.6
-253.7,64.8,76.4
-254.7,64.7,76.2
-255.5,64.6,76.1
-256.4,64.6,75.9
-257.3,64.7,75.7
-258.1,64.7,75.6
-259.1,64.9,75.4
-259.9,65,75.2
-260.8,65.3,75
-261.6,65.4,74.9
-262.5,65.6,74.6
-263.3,65.8,74.5
-264.1,66,74.4
-264.9,66.2,74.2
-265.7,66.4,74
-266.4,66.6,73.8
-267.2,66.9,73.6
-267.9,67.1,73.4
-268.6,67.4,73.3
-269.3,67.7,73.2
-270,68,73
-270.8,68.3,72.8
-271.5,68.7,72.6
-272.2,69,72.4
-273,69.3,72.1
-273.7,69.6,72
-274.5,69.8,71.7
-275.3,70,71.5
-276,70.2,71.1
-276.7,70.4,71
-277.5,70.6,70.6
-278.1,70.8,70.4
-278.9,71,70.1
-279.5,71.3,69.9
-280.2,71.5,69.6
-280.8,71.8,69.3
-281.3,72,69.2
-281.9,72.3,69
-282.5,72.7,68.7
-283.1,73,68.4
-283.6,73.3,68.3
-284.2,73.6,68
-284.8,73.9,67.8
-285.3,74.4,67.6
-285.7,74.8,67.4
-286.2,75.3,67.3
-286.6,75.8,67.1
-287,76.4,67
-287.4,76.9,66.9
-287.7,77.6,66.8
-288.1,78.1,66.7
-288.5,78.8,66.4
-288.8,79.4,66.3
-289.2,80,66.2
-289.6,80.6,66
-289.8,81.1,65.9
-290.2,81.7,65.7
-290.4,82.2,65.6
-290.6,82.7,65.6
-291,83.1,65.4
-291.2,83.8,65.3
-291.5,84.3,65.1
-291.9,85,64.9
-292.2,85.6,64.7
-292.5,86.2,64.6
-292.8,86.8,64.4
-293.1,87.4,64.2
-293.4,88,64.1
-293.6,88.6,63.9
-293.8,89.3,63.8
-294,89.9,63.7
-294.1,90.6,63.6
-294.3,91.3,63.5
-294.4,92.1,63.4
-294.6,93,63.2
-294.7,93.8,63.1
-294.8,94.7,63
-294.9,95.6,62.9
-294.9,96.5,62.8
-295,97.3,62.7
-295,98.2,62.6
-295,99.2,62.4
-294.9,100.2,62.5
-294.9,101.2,62.3
-294.9,102.3,62.1
-294.8,103.4,62.1
-294.8,104.4,61.9
-294.7,105.6,61.7
-294.5,106.6,61.7
-294.4,107.6,61.5
-294.2,108.6,61.4
-294.1,109.6,61.3
-293.8,110.5,61.3
-293.5,111.4,61.3
-293.2,112.3,61.2
-293,113.2,61.2
-292.7,114.1,61.1
-292.4,115.1,61
-292,116,61
-291.8,116.8,60.9
-291.5,117.8,60.8
-291.2,118.6,60.6
-290.8,119.3,60.7
-290.2,120.2,60.8
-289.9,121,60.7
-289.4,121.8,60.6
-288.9,122.6,60.7
-288.3,123.3,60.8
-287.7,124,60.8
-287,124.6,61
-286.3,125.1,61.2
-285.7,125.6,61.3
-284.9,126.3,61.4
-284.2,126.7,61.6
-283.3,127.3,61.8
-282.5,127.8,62.1
-281.6,128.2,62.3
-280.7,128.7,62.5
-279.7,129.2,62.9
-278.8,129.6,63.1
-277.8,130,63.3
-276.8,130.3,63.6
-275.8,130.6,63.9
-274.8,130.8,64.3
-273.7,131,64.6
-272.7,131.2,65
-271.7,131.4,65.2
-270.6,131.6,65.5
-269.4,131.7,66
-268.3,131.8,66.2
-267.1,131.9,66.6
-266,131.9,66.9
-264.9,132,67.3
-263.7,131.9,67.7
-262.4,131.9,68.1
-261.4,131.8,68.3
-260.2,131.7,68.7
-258.8,131.6,69.1
-257.6,131.4,69.5
-256.4,131.1,69.8
-255.1,130.9,70.2
-253.8,130.6,70.5
-252.5,130.3,70.9
-251.1,130.1,71.2
-249.8,129.8,71.5
-248.5,129.5,71.8
-247.1,129.3,72
-245.9,129,72.3
-244.4,128.7,72.6
-243.2,128.3,72.8
-241.8,128,73
-240.5,127.5,73.3
-239.1,127.1,73.5
-237.8,126.7,73.6
-236.6,126.2,73.8
-235.3,125.7,74
-234.1,125.3,74.2
-232.9,124.7,74.3
-231.7,124.1,74.5
-230.5,123.6,74.6
-229.4,122.9,74.7
-228.3,122.2,74.8
-227.3,121.5,74.9
-226.2,120.8,75
-225.2,120,75.2
-224.2,119.4,75.2
-223.2,118.6,75.3
-222.3,117.8,75.4
-221.2,117.1,75.5
-220.4,116.3,75.6
-219.4,115.5,75.6
-218.5,114.7,75.6
-217.5,113.9,75.7
-216.7,113.1,75.7
-215.8,112.2,75.7
-214.9,111.3,75.7
-214,110.4,75.7
-213.2,109.6,75.6
-212.3,108.7,75.6
-211.5,107.7,75.5
-210.7,106.9,75.5
-209.8,106,75.5
-209,105,75.4
-208.3,104.1,75.3
-207.6,103.2,75.2
-206.9,102.1,75.2
-206.5,101,75.1
-205.9,99.8,75.2
-205.5,98.6,75.1
-205.2,97.3,75.1
-204.8,96,75.1
-204.6,94.5,75.1
-204.5,93.2,75
-204.2,91.8,75.1
-204.1,90.3,75
-204,89,75
-203.9,87.7,75
-203.9,86.3,74.9
-203.9,85,74.8
-203.8,83.8,74.7
-203.7,82.6,74.7
-203.7,81.4,74.5
-203.6,80.1,74.4
-203.5,79,74.3
-203.6,77.7,74.1
-203.5,76.5,74
-203.5,75.2,73.8
-203.5,74,73.6
-203.6,72.8,73.4
-203.5,71.7,73.3
-203.6,70.6,73.1
-203.5,69.6,72.9
-203.4,68.7,72.7
-203.4,67.7,72.5
-203.3,66.8,72.3
-203.1,65.9,72.1
-203,65.1,71.8
-202.9,64.2,71.5
-202.8,63.4,71.2
-202.6,62.5,71
-202.5,61.6,70.7
-202.5,60.7,70.4
-202.7,59.8,70.1
-202.9,58.9,70
-203.2,57.8,69.8
-203.6,56.8,69.6
-204,55.8,69.4
-204.6,54.6,69.1
-205.2,53.5,68.9
-205.8,52.3,68.7
-206.5,51.1,68.5
-207.2,50,68.2
-208,48.9,67.9
-208.7,47.8,67.6
-209.4,46.7,67.5
-210.3,45.7,67.2
-211,44.7,67
-211.9,43.8,66.8
-212.7,42.9,66.6
-213.5,42,66.4
-214.3,41.2,66.1
-215.2,40.5,66
-216,39.8,65.7
-216.8,39.1,65.6
-217.6,38.5,65.4
-218.4,37.9,65.2
-219.1,37.4,65.1
-219.9,36.8,64.9
-220.7,36.3,64.8
-221.5,35.8,64.6
-222.2,35.4,64.5
-222.9,34.9,64.4
-223.6,34.6,64.2
-224.3,34.2,64.1
-225,33.9,64
-225.6,33.5,63.9
-226.4,33.2,63.7
-227,32.9,63.6
-227.7,32.5,63.4
-228.4,32.1,63.2
-229.1,31.7,63
-229.7,31.3,62.9
-230.4,31,62.6
-231,30.7,62.5
-231.6,30.3,62.4
-232.3,30.1,62.2
-233,29.8,62.1
-233.6,29.5,62
-234.3,29.3,61.9
-235.1,29,61.6
-235.8,28.7,61.5
-236.5,28.4,61.3
-237.3,28,61.1
-238.1,27.7,60.9
-239,27.4,60.5
-239.8,27.1,60.3
-240.6,26.6,60
-241.4,26.3,59.7
-242.3,26,59.5
-243.1,25.7,59.3
-244.1,25.5,58.9
-245,25.2,58.6
-245.9,24.9,58.4
-246.7,24.6,58.1
-247.6,24.2,57.7
-248.5,23.9,57.4
-249.4,23.6,56.9
-250.4,23.2,56.5
-251.2,22.9,56.1
-252.1,22.5,55.8
-253,22.3,55.4
-253.8,22.1,55.1
-254.7,22,54.8
-255.6,21.9,54.6
-256.4,21.9,54.4
-257.2,21.8,54.2
-258.1,21.7,53.9
-258.9,21.7,53.6
-259.6,21.7,53.4
-260.4,21.6,53.1
-261.2,21.6,52.9
-261.9,21.6,52.8
-262.7,21.6,52.5
-263.4,21.7,52.3
-264.2,21.7,52.2
-264.9,21.8,51.9
-265.7,21.8,51.7
-266.5,21.9,51.4
-267.3,22,51.2
-268.1,22.1,51
-268.9,22.2,50.8
-269.6,22.3,50.6
-270.4,22.3,50.3
-271.2,22.5,50.1
-272,22.6,49.8
-272.8,22.7,49.5
-273.6,22.8,49.2
-274.4,22.9,48.9
-275.2,23,48.7
-276,23.2,48.4
-276.8,23.4,48.1
-277.6,23.5,47.9
-278.4,23.7,47.6
-279.2,23.8,47.2
-280.1,23.9,46.8
-281,24,46.4
-281.8,24,45.9
-282.7,24,45.4
-283.5,24,44.9
-284.3,24,44.4
-285.2,24,43.8
-286,24.1,43.3
-286.8,24.1,42.8
-287.6,24.1,42.3
-288.4,24.3,41.9
-289.2,24.4,41.4
-290,24.6,41
-290.7,24.8,40.7
-291.5,25.1,40.3
-292.3,25.6,40.2
-293.1,26.1,39.9
-293.8,26.7,39.9
-294.6,27.3,39.8
-295.3,28,39.9
-296.1,28.8,39.9
-296.9,29.6,39.9
-297.7,30.4,39.9
-298.4,31.1,39.9
-299,31.8,40
-299.6,32.5,39.9
-300.1,33.1,39.9
-300.7,33.6,39.8
-301.2,34.2,39.7
-301.7,34.7,39.7
-302.1,35.3,39.8
-302.7,35.9,39.7
-303.2,36.6,39.6
-303.7,37.3,39.8
-304.3,38.3,39.8
-304.8,39.2,39.9
-305.4,40.1,40
-305.9,41.1,40.1
-306.4,42,40.2
-306.9,42.9,40.3
-307.5,43.8,40.3
-308,44.7,40.4
-308.5,45.6,40.5
-309,46.5,40.5
-309.5,47.4,40.5
-310,48.3,40.5
-310.5,49.1,40.5
-311.1,50,40.5
-311.6,50.9,40.3
-312.1,51.9,40.3
-312.7,52.8,40.2
-313.1,53.8,40.2
-313.6,54.8,40.2
-314.1,55.8,40.2
-314.7,57,40.1
-315.2,58.1,40
-315.7,59.2,40
-316.2,60.3,39.9
-316.6,61.4,40
-317.1,62.5,39.8
-317.6,63.7,39.7
-318.1,64.8,39.6
-318.6,66.1,39.4
-319.1,67.3,39.3
-319.5,68.4,39.1
-319.9,69.5,39.1
-320.4,70.8,38.9
-320.8,72,38.8
-321.2,73.2,38.6
-321.6,74.5,38.4
-322,75.8,38.2
-322.3,77,38.1
-322.6,78.5,38.1
-322.9,79.8,37.9
-323.2,81.2,37.7
-323.5,82.6,37.5
-323.8,84,37.4
-324,85.5,37.3
-324.3,87,37
-324.4,88.5,36.9
-324.6,90.1,36.8
-324.7,91.7,36.5
-324.8,93.3,36.5
-324.8,94.9,36.3
-324.8,96.5,36.2
-324.8,98.1,36.2
-324.7,99.7,36.1
-324.7,101.3,35.9
-324.7,102.8,35.7
-324.6,104.4,35.5
-324.5,106,35.2
-324.2,107.6,35.2
-324,109,35.1
-323.8,110.5,35
-323.6,111.9,34.9
-323.2,113.4,34.9
-322.9,114.7,34.8
-322.5,116.2,34.8
-322,117.5,34.8
-321.5,119,34.8
-321,120.5,34.8
-320.4,122,34.8
-319.9,123.5,34.8
-319.2,125,34.8
-318.5,126.7,34.8
-317.7,128.3,34.9
-316.9,129.8,35
-316.2,131.3,34.8
-315.3,132.8,35
-314.5,134.3,35
-313.6,135.7,35.1
-312.7,137.1,35.1
-311.7,138.5,35.3
-310.8,139.9,35.3
-309.9,141.2,35.3
-308.9,142.5,35.4
-308,143.7,35.4
-306.9,144.9,35.5
-305.9,146.1,35.6
-304.8,147.2,35.9
-303.7,148.3,36
-302.5,149.4,36.2
-301.3,150.5,36.4
-300.1,151.4,36.7
-298.9,152.3,37
-297.6,153.1,37.4
-296.1,154.1,37.8
-294.7,154.9,38.3
-293.3,155.7,38.7
-291.8,156.4,39.2
-290.4,157.1,39.6
-288.9,157.7,40.2
-287.5,158.3,40.6
-286,158.9,41.2
-284.5,159.5,41.6
-283,160,42
-281.4,160.5,42.5
-279.8,161.1,42.9
-278.1,161.6,43.6
-276.5,161.9,44
-274.8,162.3,44.5
-273,162.7,45.1
-271.4,163,45.6
-269.7,163.3,46
-268,163.7,46.3
-266.3,164.1,46.8
-264.6,164.4,47
-263,164.8,47.2
-261.2,165,47.6
-259.5,165.3,47.9
-257.7,165.4,48.3
-255.9,165.7,48.6
-254.2,165.6,48.9
-252.5,165.7,49.2
-250.8,165.8,49.6
-249.1,165.8,49.8
-247.4,165.8,50.1
-245.8,165.9,50.2
-244.2,165.9,50.3
-242.5,166,50.5
-240.8,166.1,50.5
-239.1,166.1,50.7
-237.5,165.9,50.8
-235.8,165.9,50.8
-234.1,165.8,50.9
-232.4,165.5,51.1
-230.7,165.3,51.2
-229,165,51.4
-227.4,164.7,51.5
-225.7,164.4,51.6
-224.1,164,51.7
-222.5,163.6,51.8
-221,163.2,51.8
-219.4,162.9,51.9
-217.9,162.5,51.8
-216.3,162.2,51.7
-214.7,161.9,51.5
-213.2,161.5,51.4
-211.5,161.1,51.3
-210,160.8,51
-208.4,160.3,50.9
-206.8,159.7,50.8
-205.3,159.2,50.7
-203.9,158.6,50.5
-202.3,158.1,50.4
-201,157.5,50.3
-199.6,156.9,50.2
-198.3,156.1,50.1
-197,155.5,50
-195.8,154.7,49.8
-194.5,154,49.8
-193.3,153.2,49.7
-192.2,152.5,49.7
-191,151.7,49.7
-190,150.9,49.6
-188.9,150.1,49.5
-187.9,149.3,49.5
-186.9,148.4,49.4
-185.9,147.5,49.5
-184.9,146.6,49.5
-184,145.6,49.5
-183,144.6,49.5
-182,143.5,49.6
-181.1,142.6,49.6
-180.3,141.6,49.5
-179.4,140.6,49.6
-178.5,139.5,49.6
-177.8,138.6,49.5
-176.9,137.7,49.4
-176.2,136.6,49.3
-175.3,135.7,49.3
-174.5,134.6,49.2
-173.8,133.5,49.1
-172.9,132.4,49.1
-172.2,131.3,49.1
-171.6,130.2,49
-170.8,129,49
-170.2,127.9,49
-169.5,126.7,49
-168.8,125.4,48.9
-168.2,124.3,48.8
-167.5,123.1,48.8
-166.9,121.9,48.7
-166.4,120.8,48.6
-165.7,119.7,48.5
-165.2,118.6,48.4
-164.7,117.6,48.3
-164.2,116.6,48.1
-163.8,115.5,48
-163.3,114.4,48
-162.9,113.3,47.9
-162.6,112.2,47.9
-162.3,111.1,47.9
-162,109.9,47.9
-161.7,108.8,48
-161.6,107.6,48.1
-161.5,106.4,48.2
-161.3,105.2,48.4
-161.3,104,48.5
-161.3,102.8,48.7
-161.3,101.5,48.9
-161.3,100.2,49.1
-161.4,99,49.3
-161.3,97.6,49.5
-161.4,96.3,49.7
-161.5,95,49.8
-161.6,93.7,50
-161.8,92.4,50.2
-162,91,50.4
-162.1,89.6,50.7
-162.3,88.2,50.8
-162.5,86.8,50.9
-162.7,85.3,51
-162.9,83.8,51.1
-163.1,82.3,51.2
-163.3,80.8,51.3
-163.6,79.2,51.4
-163.9,77.8,51.4
-164.1,76.4,51.4
-164.4,75,51.5
-164.7,73.7,51.5
-164.9,72.4,51.5
-165.1,71.2,51.4
-165.4,70,51.3
-165.7,68.7,51.2
-166,67.4,51.1
-166.3,66.1,51.1
-166.6,64.7,51
-167,63.4,51
-167.4,62.1,50.9
-167.8,60.8,50.8
-168.2,59.6,50.7
-168.6,58.4,50.6
-169.1,57.2,50.5
-169.5,55.9,50.5
-170.1,54.7,50.4
-170.6,53.4,50.3
-171.2,52.2,50.2
-171.8,50.9,50.2
-172.4,49.7,50.1
-173.1,48.5,50.2
-173.8,47.3,50.1
-174.7,46.2,50.1
-175.4,44.9,50.1
-176.3,43.6,50
-177.2,42.3,50
-178,41,49.9
-179,39.6,49.8
-180,38.2,49.6
-181,36.8,49.4
-182.1,35.4,49.3
-183.2,33.9,49.1
-184.2,32.5,48.9
-185.4,31.1,48.6
-186.5,29.8,48.4
-187.7,28.5,48.2
-188.9,27.1,47.9
-190.1,25.9,47.6
-191.3,24.7,47.3
-192.5,23.4,47.1
-193.7,22.3,46.8
-195,21.2,46.6
-196.2,20.1,46.3
-197.5,19.1,46
-198.7,18.2,45.8
-199.9,17.2,45.6
-201.1,16.4,45.4
-202.4,15.5,45.1
-203.6,14.7,44.9
-204.9,13.8,44.6
-206.1,13,44.3
-207.3,12.3,44
-208.6,11.5,43.7
-209.8,10.9,43.5
-211,10.4,43.4
-212.1,9.9,43.3
-213.2,9.5,43.3
-214.4,9.2,43.2
-215.6,8.9,43.1
-216.7,8.6,43.1
-217.8,8.3,43.1
-219,8,43.1
-220.1,7.7,43.1
-221.3,7.6,43.1
-222.6,7.4,43.2
-223.9,7.4,43.3
-225.1,7.3,43.5
-226.5,7.4,43.7
-227.8,7.4,43.9
-229.1,7.5,44.1
-230.5,7.6,44.3
-231.9,7.6,44.4
-233.4,7.6,44.4
-234.9,7.5,44.3
-236.2,7.5,44.3
-237.7,7.5,44.2
-239.2,7.5,44.1
-240.6,7.5,44
-242,7.5,43.9
-243.5,7.5,43.8
-244.9,7.5,43.6
-246.3,7.5,43.4
-247.8,7.5,43.2
-249.2,7.4,42.7
-250.7,7.3,42.4
-252.1,7.2,41.9
-253.6,7.1,41.4
-255,7.1,41
-256.5,7.1,40.7
-257.9,7.3,40.3
-259.3,7.4,40.1
-260.6,7.7,39.9
-262,8,39.7
-263.4,8.3,39.6
-264.6,8.7,39.6
-265.9,9,39.5
-267.1,9.5,39.4
-268.3,10,39.4
-269.5,10.5,39.4
-270.7,11,39.4
-271.8,11.6,39.5
-272.9,12.3,39.7
-274,12.9,39.7
-275.1,13.5,39.7
-276.1,14.2,39.9
-277.2,14.8,39.9
-278.2,15.6,40.1
-279.3,16.3,40.1
-280.5,16.9,40
-281.5,17.7,40.1
-282.7,18.4,39.9
-283.9,19,39.9
-285.1,19.8,39.7
-286.3,20.6,39.6
-287.6,21.4,39.5
-288.8,22.3,39.4
-290.1,23.3,39.4
-291.4,24.4,39.3
-292.7,25.5,39.3
-294,26.7,39.4
-295.2,28,39.5
-296.4,29.3,39.6
-297.6,30.6,39.7
-298.8,31.9,39.7
-299.9,33.3,39.8
-301.1,34.5,39.7
-302.2,35.7,39.5
-303.2,36.8,39.4
-304.2,38,39.4
-305.1,39.3,39.4
-306.2,40.5,39.2
-307.1,41.8,39.2
-308.1,43.1,39.1
-309.1,44.4,38.9
-310,45.7,38.8
-310.9,47,38.7
-311.8,48.3,38.5
-312.7,49.5,38.3
-313.5,50.6,38
-314.3,51.7,37.7
-315.1,52.7,37.5
-315.9,53.6,37.1
-316.7,54.5,36.7
-317.4,55.4,36.4
-318.1,56.3,36.1
-318.8,57.3,35.6
-319.4,58.2,35.4
-320.1,59.1,35
-320.7,60.1,34.7
-321.3,61,34.4
-321.8,62.1,34.3
-322.4,63.2,34
-323.1,64.4,33.6
-323.7,65.4,33.3
-324.2,66.7,33
-324.7,67.8,32.8
-325.2,68.8,32.6
-325.7,70,32.3
-326.2,71.1,31.9
-326.6,72.3,31.7
-327,73.5,31.6
-327.4,74.8,31.4
-327.8,76.2,31.2
-328.1,77.7,31
-328.5,79.3,30.9
-328.8,80.9,30.7
-329.1,82.6,30.5
-329.4,84.5,30.3
-329.7,86.1,30.1
-329.9,87.7,29.9
-330,89.4,29.7
-330.2,91,29.5
-330.3,92.4,29.4
-330.4,94.1,29.2
-330.4,95.8,29.1
-330.4,97.5,29
-330.3,99.4,28.8
-330.2,101.3,28.6
-330.1,103.2,28.5
-330,105.1,28.3
-329.8,106.9,28.1
-329.5,108.5,28.1
-329.1,110.2,28.2
-328.7,111.8,28.3
-328.2,113.3,28.5
-327.8,114.7,28.4
-327.3,116.2,28.6
-326.7,117.7,28.7
-326.1,119.2,29
-325.5,120.5,29.1
-324.9,121.9,29.3
-324.3,123.2,29.5
-323.7,124.4,29.7
-323.1,125.5,29.8
-322.4,126.7,30.1
-321.8,127.7,30.4
-321.1,128.7,30.6
-320.5,129.6,30.8
-319.8,130.6,31.1
-319,131.6,31.5
-318.2,132.8,31.8
-317.4,134,31.9
-316.5,135.2,32.1
-315.7,136.4,32.3
-314.7,137.7,32.6
-313.8,138.9,32.7
-313.1,139.9,32.8
-312.1,140.9,33.2
-311.2,141.8,33.5
-310.3,142.7,33.7
-309.4,143.4,34.1
-308.4,144.2,34.6
-307.5,145.1,34.9
-306.6,145.8,35.2
-305.7,146.6,35.4
-304.7,147.6,35.7
-303.7,148.3,36
-302.8,149,36.2
-301.8,149.8,36.5
-300.8,150.5,37
-299.7,151.1,37.4
-298.7,151.7,37.7
-297.7,152.2,38.2
-296.7,152.7,38.7
-295.6,153.1,39.1
-294.5,153.7,39.6
-293.4,154.2,40
-292.4,154.6,40.3
-291.2,155.2,40.8
-290,155.7,41.2
-288.8,156.3,41.6
-287.6,156.8,42
-286.4,157.2,42.4
-285.2,157.7,42.8
-283.9,158.2,43.3
-282.7,158.7,43.5
-281.4,159.1,43.8
-280.1,159.5,44.2
-278.8,160,44.6
-277.5,160.4,45
-276.1,160.8,45.4
-274.7,161.2,45.8
-273.3,161.5,46.2
-272,161.8,46.5
-270.7,162.1,46.9
-269.3,162.4,47.2
-267.9,162.7,47.6
-266.6,162.9,47.9
-265.1,163.2,48.2
-263.8,163.3,48.5
-262.3,163.4,48.9
-260.9,163.6,49.2
-259.5,163.8,49.6
-258.2,163.8,49.8
-256.7,163.9,50.1
-255.4,163.9,50.4
-253.9,164.1,50.7
-252.5,164.2,50.9
-251,164.2,51.3
-249.6,164.1,51.6
-248.2,164,51.8
-246.8,163.8,52.2
-245.4,163.7,52.4
-244.1,163.6,52.7
-242.8,163.4,53
-241.4,163.2,53.3
-240.2,163,53.6
-238.9,162.7,53.9
-237.7,162.4,54.2
-236.5,162,54.4
-235.3,161.5,54.8
-234.1,161,55.2
-233,160.3,55.7
-231.8,159.6,56.2
-230.7,158.9,56.6
-229.6,158.2,57.1
-228.4,157.4,57.7
-227.4,156.5,58.1
-226.4,155.7,58.6
-225.3,154.8,59.1
-224.3,153.9,59.5
-223.4,153.1,59.9
-222.4,152.1,60.4
-221.5,151.1,60.9
-220.6,150.1,61.4
-219.6,149.1,61.9
-218.8,148,62.3
-217.9,146.9,62.8
-217,145.8,63.2
-216.3,144.6,63.7
-215.5,143.5,64.1
-214.7,142.3,64.6
-214.1,141.1,65.1
-213.4,139.9,65.5
-212.7,138.6,66
-212.1,137.2,66.5
-211.6,135.9,66.9
-211,134.5,67.4
-210.5,133.2,67.8
-210,131.8,68.1
-209.4,130.4,68.6
-208.9,129.1,69
-208.4,127.6,69.4
-207.9,126.1,69.8
-207.4,124.5,70.2
-206.9,123,70.6
-206.5,121.4,70.9
-206.1,119.7,71.2
-205.6,118.3,71.5
-205.1,116.8,71.8
-204.7,115.3,72
-204.4,113.9,72.2
-203.9,112.5,72.4
-203.5,111.2,72.5
-203.1,110,72.6
-202.7,108.7,72.8
-202.4,107.4,72.8
-202.1,106.2,72.8
-201.7,104.9,73
-201.4,103.7,73
-201.1,102.6,73.1
-201,101.4,73.2
-200.8,100.2,73.2
-200.6,99.1,73.3
-200.5,97.9,73.4
-200.5,96.7,73.5
-200.5,95.6,73.5
-200.6,94.3,73.6
-200.7,93.2,73.7
-200.9,92,73.7
-201.1,90.9,73.9
-201.4,89.8,74
-201.8,88.6,74.2
-202.3,87.3,74.3
-202.8,85.9,74.5
-203.4,84.5,74.6
-204.1,83.1,74.8
-204.9,81.5,74.9
-205.7,79.9,75
-206.5,78.2,75.1
-207.3,76.7,75.1
-208.2,75.1,75.2
-209.1,73.6,75.2
-210.1,72.1,75.2
-211.1,70.7,75.1
-212,69.3,75.2
-213,68,75.1
-214,66.7,75.1
-215.1,65.4,75
-216.1,64.2,74.9
-217.1,63.1,74.9
-218.3,61.9,74.7
-219.3,60.8,74.5
-220.4,59.7,74.5
-221.4,58.7,74.3
-222.5,57.7,74.1
-223.6,56.9,74
-224.7,56,73.8
-225.7,55.2,73.6
-226.7,54.4,73.5
-227.8,53.7,73.3
-228.8,53,73.2
-229.8,52.3,72.9
-230.8,51.7,72.8
-231.7,51.1,72.7
-232.7,50.5,72.5
-233.7,50,72.3
-234.7,49.6,72.2
-235.7,49.1,72
-236.7,48.7,71.8
-237.6,48.4,71.7
-238.6,48,71.5
-239.6,47.6,71.3
-240.6,47.2,71.1
-241.6,46.8,70.9
-242.6,46.5,70.7
-243.6,46.2,70.5
-244.7,45.9,70.2
-245.6,45.6,70.1
-246.7,45.3,69.9
-247.7,45.2,69.7
-248.7,45,69.5
-249.7,44.8,69.3
-250.8,44.7,69
-251.8,44.7,68.9
-252.8,44.8,68.7
-253.8,44.9,68.6
-254.9,45.1,68.4
-255.8,45.2,68.4
-256.9,45.5,68.2
-257.8,45.8,68.2
-258.8,46.1,68.1
-259.7,46.5,68
-260.7,46.9,67.9
-261.6,47.2,67.8
-262.5,47.6,67.8
-263.4,48,67.6
-264.3,48.4,67.6
-265.2,48.8,67.4
-266,49.3,67.3
-266.8,49.7,67.2
-267.5,50.3,67.3
-268.3,50.8,67.2
-269.2,51.4,67.1
-270,52,67
-270.8,52.5,67
-271.7,53,66.8
-272.5,53.4,66.6
-273.2,53.9,66.5
-274.1,54.3,66.2
-274.9,54.7,66
-275.6,55.1,65.8
-276.3,55.4,65.6
-277,55.8,65.4
-277.6,56.2,65.2
-278.2,56.4,65
-278.8,56.9,64.9
-279.5,57.3,64.7
-280,57.8,64.6
-280.7,58.4,64.5
-281.2,58.9,64.4
-281.8,59.5,64.3
-282.6,60.2,64
-283.1,61,63.9
-283.7,61.8,63.9
-284.1,62.6,63.9
-284.7,63.6,63.9
-285.1,64.6,63.9
-285.6,65.8,64
-286,67,64
-286.5,68.1,64
-286.9,69.3,64
-287.3,70.4,64.1
-287.7,71.5,64.1
-288.2,72.5,64
-288.6,73.6,64.1
-289,74.5,64
-289.4,75.5,63.9
-289.7,76.5,63.9
-290,77.5,63.8
-290.3,78.6,63.8
-290.5,79.6,63.8
-290.7,80.7,63.8
-291,81.8,63.8
-291,83.1,63.9
-291.3,84.1,63.8
-291.3,85.3,63.9
-291.4,86.6,63.9
-291.4,87.6,64
-291.3,88.8,64
-291.2,89.9,64.1
-291.1,91,64.2
-290.9,92.1,64.1
-290.5,93.2,64.4
-290.1,94.5,64.6
-289.8,95.8,64.7
-289.3,97.2,65
-288.9,98.4,65.1
-288.4,99.9,65.2
-287.9,101.3,65.4
-287.3,102.6,65.5
-286.8,103.9,65.7
-286.1,105.1,65.8
-285.5,106.2,66
-284.9,107.2,66.1
-284.2,108.2,66.3
-283.5,109.2,66.5
-282.7,110.2,66.7
-281.9,111.2,66.9
-281,112.3,67.1
-280.3,113.3,67.2
-279.4,114.4,67.4
-278.5,115.4,67.4
-277.6,116.4,67.6
-276.6,117.3,67.8
-275.7,118.1,67.9
-274.6,119,68.1
-273.5,119.6,68.4
-272.4,120.3,68.6
-271.3,120.9,68.9
-270.1,121.5,69
-268.8,122.2,69.3
-267.5,122.9,69.5
-266.3,123.4,69.7
-265,124,70
-263.7,124.6,70.2
-262.3,125.2,70.4
-261,125.7,70.5
-259.7,126.2,70.6
-258.2,126.7,70.8
-256.8,127,71
-255.3,127.4,71.2
-253.7,127.6,71.5
-252.2,127.8,71.6
-250.7,128.1,71.7
-249.2,128.2,71.9
-247.6,128.3,72.1
-246,128.5,72.2
-244.5,128.7,72.3
-242.9,128.9,72.4
-241.4,129.2,72.4
-239.8,129.4,72.4
-238.3,129.5,72.3
-236.7,129.6,72.4
-235.1,129.6,72.4
-233.6,129.4,72.4
-232,129.2,72.5
-230.3,129,72.5
-228.8,128.7,72.5
-227.2,128.4,72.5
-225.6,128.1,72.4
-224,127.8,72.4
-222.5,127.5,72.4
-221,127.2,72.2
-219.5,127,72.1
-218.2,126.6,71.9
-216.7,126.4,71.8
-215.3,126.1,71.7
-214.1,125.8,71.4
-212.6,125.3,71.3
-211.3,124.8,71.1
-210,124.3,71
-208.7,123.7,70.9
-207.5,123.1,70.7
-206.3,122.5,70.5
-205.1,121.9,70.3
-204,121.3,70.2
-203,120.8,69.9
-201.9,120.2,69.8
-200.8,119.5,69.6
-199.8,118.9,69.5
-198.9,118.1,69.3
-198,117.4,69.2
-197.1,116.6,69
-196.2,115.9,68.8
-195.4,115,68.7
-194.5,114.3,68.5
-193.8,113.4,68.3
-192.9,112.5,68.2
-192.2,111.7,68
-191.5,110.8,67.9
-190.8,109.9,67.8
-190.2,108.9,67.6
-189.5,107.8,67.4
-188.8,106.8,67.4
-188.2,105.8,67.2
-187.7,104.7,67.1
-187.1,103.6,67
-186.7,102.6,66.8
-186.2,101.5,66.8
-185.8,100.5,66.7
-185.4,99.4,66.5
-185.1,98.3,66.4
-184.8,97.2,66.4
-184.5,96,66.4
-184.3,94.8,66.3
-184.1,93.5,66.2
-183.9,92.3,66.2
-183.8,91.1,66.1
-183.8,89.7,66.1
-183.7,88.5,66
-183.7,87.3,66
-183.8,85.9,66
-184,84.7,66
-184.1,83.5,66.1
-184.3,82.1,66.2
-184.6,80.8,66.2
-184.9,79.3,66.2
-185.3,77.8,66.2
-185.6,76.4,66.2
-186.1,74.8,66.2
-186.6,73.2,66.1
-187,71.6,66.1
-187.6,70.1,66.1
-188.2,68.4,66
-188.8,66.8,66
-189.5,65.3,66
-190.2,63.8,65.9
-191,62.2,65.8
-191.8,60.8,65.7
-192.6,59.3,65.6
-193.3,57.9,65.5
-194.1,56.6,65.4
-194.9,55.3,65.3
-195.7,54.2,65.2
-196.5,53,65.2
-197.4,51.8,65
-198.2,50.7,64.9
-199.1,49.6,64.8
-199.9,48.5,64.7
-200.8,47.5,64.5
-201.7,46.5,64.4
-202.7,45.5,64.3
-203.6,44.7,64.2
-204.6,43.8,64.1
-205.6,43,64
-206.6,42.4,64
-207.7,41.8,64
-208.8,41.1,64
-209.9,40.5,64
-211,40,64
-212.1,39.4,64
-213.3,38.9,63.8
-214.5,38.4,63.8
-215.7,37.8,63.8
-216.8,37.4,63.7
-218.2,36.9,63.6
-219.4,36.5,63.6
-220.7,36.2,63.6
-222,35.8,63.6
-223.3,35.5,63.6
-224.8,35.2,63.4
-226.1,34.8,63.4
-227.6,34.4,63.3
-228.9,34.1,63.2
-230.4,33.8,63
-231.9,33.4,62.9
-233.4,33.2,62.7
-234.9,33,62.6
-236.4,32.8,62.5
-238,32.7,62.3
-239.5,32.5,62.2
-241.1,32.4,62
-242.6,32.2,61.7
-244.2,32,61.5
-245.8,31.8,61.2
-247.4,31.7,60.8
-249.1,31.5,60.4
-250.6,31.3,60.1
-252.2,31.2,59.7
-253.8,31,59.3
-255.4,30.9,58.9
-257.1,30.9,58.4
-258.7,30.8,57.9
-260.2,30.8,57.6
-261.8,30.9,57.1
-263.4,31.1,56.8
-265,31.3,56.4
-266.6,31.6,56
-268.2,32.1,55.7
-269.8,32.6,55.5
-271.4,33.2,55.3
-273,33.8,55.1
-274.5,34.5,55
-276.1,35.3,54.7
-277.6,36.1,54.4
-279.1,36.8,54.2
-280.5,37.4,53.9
-281.9,38.2,53.5
-283.2,38.8,53.3
-284.5,39.4,53
-285.8,40,52.5
-287,40.6,52.1
-288.2,41.2,51.8
-289.3,41.9,51.5
-290.4,42.6,51.3
-291.4,43.5,51.3
-292.4,44.5,51.1
-293.4,45.5,50.9
-294.3,46.5,50.9
-295.2,47.6,50.8
-296,48.7,50.8
-296.7,49.7,50.8
-297.4,50.7,50.8
-298,51.7,50.9
-298.5,52.7,50.8
-299,53.6,51
-299.4,54.5,51.1
-299.9,55.4,51.1
-300.3,56.4,51.2
-300.7,57.3,51.2
-301.1,58.2,51.3
-301.4,59.1,51.4
-301.9,60.1,51.3
-302.1,61,51.4
-302.4,61.9,51.6
-302.6,62.8,51.7
-302.7,63.7,51.9
-302.9,64.6,52
-303,65.7,52.2
-303.1,66.8,52.5
-303.1,67.9,52.7
-303.1,69.2,53
-303.2,70.5,53.3
-303.2,71.9,53.5
-303,73.4,54.1
-302.9,74.8,54.4
-302.9,76.3,54.6
-302.6,77.8,55.1
-302.4,79.2,55.3
-302.1,80.6,55.7
-301.8,82,56.1
-301.3,83.3,56.6
-300.9,84.7,56.9
-300.5,86,57.3
-299.9,87.4,57.8
-299.3,89,58.1
-298.8,90.5,58.5
-298.2,92,58.9
-297.7,93.5,59.2
-297,94.9,59.7
-296.4,96.4,60
-295.7,97.8,60.3
-294.9,99.1,60.6
-294.2,100.2,60.9
-293.3,101.3,61.4
-292.4,102.4,61.8
-291.4,103.4,62.3
-290.4,104.4,62.7
-289.4,105.5,63.1
-288.4,106.6,63.5
-287.2,107.8,63.9
-286.1,108.9,64.3
-285,110.1,64.7
-283.7,111.4,65.1
-282.5,112.7,65.4
-281.2,114,65.7
-279.8,115.2,66.1
-278.4,116.3,66.4
-277,117.4,66.7
-275.5,118.5,67.1
-274,119.5,67.4
-272.6,120.4,67.6
-271,121.4,67.9
-269.5,122.4,68.2
-267.9,123.4,68.4
-266.4,124.5,68.6
-264.9,125.4,68.8
-263.4,126.4,68.9
-261.9,127.2,69
-260.4,128,69.2
-258.9,128.8,69.3
-257.4,129.5,69.4
-255.8,130.1,69.5
-254.3,130.7,69.7
-252.8,131.3,69.7
-251.2,131.8,69.8
-249.7,132.2,69.8
-248.1,132.7,69.9
-246.6,133.1,69.9
-244.9,133.5,70
-243.4,133.8,70
-241.6,134.2,70
-239.8,134.4,70.1
-238,134.4,70.2
-236.2,134.3,70.2
-234.3,134.2,70.3
-232.4,134,70.3
-230.5,133.7,70.4
-228.6,133.3,70.4
-226.7,132.8,70.5
-224.9,132.2,70.5
-223,131.6,70.6
-221.2,130.9,70.5
-219.5,130.3,70.5
-217.7,129.6,70.5
-216,128.9,70.5
-214.3,128.1,70.5
-212.7,127.2,70.5
-211.2,126.1,70.4
-209.7,124.9,70.5
-208.2,123.6,70.4
-206.9,122.3,70.5
-205.5,120.8,70.5
-204.3,119.2,70.5
-203,117.7,70.6
-201.8,116,70.5
-200.6,114.4,70.5
-199.5,112.7,70.5
-198.6,111,70.5
-197.7,109.5,70.4
-196.8,107.9,70.4
-196,106.3,70.3
-195.4,104.7,70.2
-194.7,103.1,70.3
-194.1,101.5,70.2
-193.8,99.8,70.1
-193.3,98,70.1
-192.9,96.2,70.1
-192.6,94.5,70.1
-192.4,92.7,70
-192.2,90.9,69.9
-192.1,89.1,69.9
-192.1,87.3,69.8
-192.2,85.5,69.8
-192.4,83.7,69.7
-192.5,81.9,69.8
-192.8,80.1,69.7
-193.2,78.4,69.6
-193.6,76.7,69.6
-194,75,69.6
-194.5,73.3,69.5
-195.1,71.5,69.4
-195.7,69.7,69.3
-196.5,67.9,69
-197.1,66,69
-197.8,64.2,68.7
-198.7,62.4,68.5
-199.4,60.7,68.4
-200.4,59,68.1
-201.3,57.3,67.9
-202.2,55.8,67.7
-203.2,54.3,67.4
-204.2,52.9,67.3
-205.2,51.5,67
-206.3,50.2,66.8
-207.4,49,66.6
-208.4,47.7,66.4
-209.6,46.5,66.2
-210.7,45.5,65.9
-211.8,44.4,65.7
-213,43.4,65.4
-214.2,42.4,65.1
-215.4,41.4,64.9
-216.4,40.5,64.7
-217.5,39.5,64.4
-218.6,38.6,64.1
-219.7,37.8,63.8
-220.8,37,63.6
-222,36.3,63.2
-223.1,35.5,62.9
-224.2,34.8,62.6
-225.4,34.1,62.3
-226.6,33.4,62
-227.8,32.7,61.6
-228.9,32.1,61.4
-230.1,31.5,61.1
-231.4,31,60.7
-232.6,30.5,60.5
-233.9,30,60.2
-235.2,29.5,59.9
-236.3,29.1,59.7
-237.6,28.7,59.2
-238.8,28.2,58.9
-239.9,27.8,58.6
-241.1,27.5,58.3
-242.3,27.1,57.9
-243.5,26.8,57.6
-244.6,26.6,57.3
-245.8,26.3,57.1
-247.1,26.1,56.7
-248.2,26,56.5
-249.5,25.9,56.2
-250.8,26,56
-252,25.9,55.8
-253.3,26,55.6
-254.5,26.1,55.4
-255.8,26.2,55.2
-257,26.5,55.1
-258.3,26.7,54.9
-259.5,27,54.8
-260.6,27.3,54.8
-261.8,27.6,54.6
-262.9,28,54.6
-264.1,28.4,54.5
-265.3,28.9,54.4
-266.5,29.3,54.3
-267.6,29.8,54.3
-268.8,30.3,54
-269.9,30.7,54
-271,31.1,53.9
-272,31.6,53.8
-273.1,32,53.6
-274.1,32.5,53.5
-275.1,33.1,53.5
-276.2,33.7,53.3
-277.3,34.4,53.3
-278.3,35.1,53.3
-279.4,35.9,53.3
-280.5,36.7,53.2
-281.5,37.5,53.2
-282.5,38.3,53.1
-283.5,39.2,53.1
-284.5,39.9,53.1
-285.6,40.7,52.9
-286.5,41.6,52.8
-287.4,42.3,52.8
-288.5,43.2,52.5
-289.5,44,52.4
-290.4,44.9,52.4
-291.4,45.8,52.2
-292.4,46.7,52
-293.3,47.6,51.9
-294.2,48.4,51.7
-295.1,49.2,51.6
-296,50.1,51.3
-296.9,50.9,51.2
-297.9,51.7,50.8
-298.6,52.6,50.6
-299.3,53.4,50.6
-300.1,54.3,50.4
-300.8,55.1,50.2
-301.5,56,50
-302.2,57,49.8
-302.8,58,49.8
-303.4,59.1,49.8
-303.9,60.2,49.8
-304.4,61.4,49.8
-305,62.7,49.7
-305.4,63.9,49.9
-305.8,65.4,50
-306.2,66.9,50.1
-306.6,68.4,50.1
-306.9,70.1,50.3
-307.3,71.7,50.4
-307.6,73.5,50.5
-307.7,75.4,50.8
-307.8,77.2,50.9
-307.9,79.1,51.1
-307.9,81.2,51.4
-308,83.3,51.5
-307.9,85.4,51.7
-307.8,87.6,52
-307.6,89.9,52.1
-307.4,92,52.3
-307.1,94.2,52.4
-306.8,96.4,52.6
-306.4,98.6,52.8
-305.9,100.9,53
-305.3,103.2,53.1
-304.8,105.5,53.2
-304.1,107.8,53.4
-303.6,109.9,53.3
-302.9,112.1,53.3
-302.2,114.2,53.3
-301.4,116.3,53.4
-300.6,118.1,53.4
-299.6,120,53.6
-298.8,121.7,53.7
-297.8,123.4,53.8
-296.8,125.2,53.8
-295.7,126.8,54
-294.7,128.4,54.1
-293.5,130,54.2
-292.4,131.4,54.3
-291.3,132.9,54.3
-290,134.3,54.5
-288.8,135.5,54.6
-287.4,136.7,54.8
-286.1,137.9,55
-284.6,138.9,55.4
-283.1,140,55.6
-281.6,140.8,55.9
-280,141.6,56.3
-278.5,142.3,56.7
-276.8,143,57.1
-275.2,143.6,57.4
-273.6,144.4,57.7
-271.9,145,58
-270.2,145.5,58.4
-268.6,146,58.7
-266.9,146.4,59
-265.1,146.7,59.4
-263.3,147,59.8
-261.5,147.3,60.1
-259.8,147.5,60.4
-258,147.7,60.7
-256.1,147.9,61.1
-254.3,148.1,61.3
-252.6,148.4,61.4
-250.9,148.6,61.6
-249.2,148.8,61.8
-247.5,149.2,61.9
-245.8,149.4,61.9
-244.1,149.7,61.9
-242.4,149.8,62
-240.6,149.8,62.1
-238.9,149.6,62.3
-237.2,149.5,62.4
-235.5,149,62.7
-233.9,148.5,62.9
-232.2,148.1,63.1
-230.6,147.5,63.4
-229.1,147,63.5
-227.6,146.6,63.7
-226.2,146.1,63.9
-224.9,145.7,63.9
-223.5,145.2,64
-222.1,144.7,64.2
-220.9,144.1,64.3
-219.7,143.4,64.4
-218.5,142.5,64.7
-217.3,141.6,64.9
-216.2,140.7,65.1
-215.1,139.6,65.4
-214,138.5,65.8
-213,137.4,66
-212,136.3,66.3
-211.1,135.2,66.5
-210.2,134.2,66.7
-209.4,133.2,66.9
-208.5,132.1,67.2
-207.7,131,67.4
-206.9,130,67.6
-206.2,128.9,67.8
-205.5,127.7,68
-204.8,126.6,68.2
-204.1,125.3,68.5
-203.5,123.9,68.7
-202.8,122.6,69
-202.2,121.1,69.2
-201.7,119.8,69.4
-201.1,118.4,69.6
-200.6,116.9,69.8
-200.2,115.5,70
-199.7,114.2,70.2
-199.3,112.8,70.4
-199,111.4,70.5
-198.7,110.1,70.7
-198.4,108.7,70.8
-198.1,107.3,71
-197.8,105.8,71.1
-197.6,104.3,71.2
-197.4,102.8,71.3
-197.2,101.2,71.5
-197.2,99.6,71.6
-197.1,98,71.7
-197,96.3,71.9
-197.1,94.5,71.9
-197.3,92.8,72
-197.3,91.1,72.1
-197.5,89.4,72.2
-197.8,87.8,72.2
-198,86.1,72.3
-198.3,84.4,72.4
-198.7,82.8,72.4
-199.1,81.2,72.4
-199.6,79.5,72.4
-200.2,78,72.4
-200.7,76.5,72.4
-201.3,75,72.4
-201.9,73.6,72.4
-202.6,72.2,72.4
-203.4,70.8,72.3
-204.1,69.5,72.3
-204.9,68.2,72.2
-205.6,66.9,72.3
-206.5,65.7,72.1
-207.3,64.5,72.1
-208.2,63.3,72
-209.1,62.1,71.9
-210,61,71.8
-210.9,59.9,71.7
-211.8,58.9,71.6
-212.7,57.9,71.5
-213.6,57,71.4
-214.5,56.3,71.3
-215.5,55.6,71.3
-216.4,54.9,71.2
-217.4,54.3,71.1
-218.3,53.7,71.1
-219.2,53.2,71.1
-220.1,52.7,71
-221.1,52.3,70.9
-221.9,51.9,70.9
-222.9,51.5,70.9
-223.8,51.2,70.9
-224.8,50.9,70.8
-225.9,50.7,70.9
-226.9,50.6,71.1
-228,50.6,71.2
-229.1,50.7,71.2
-230.3,50.8,71.4
-231.4,50.9,71.5
-232.6,51.1,71.6
-233.6,51.4,71.8
-234.8,51.6,71.9
-236.1,51.7,71.9
-237.4,52,72
-238.6,52.2,72.1
-240,52.4,72.1
-241.3,52.5,72.1
-242.7,52.7,72.1
-244.1,53,72.1
-245.5,53.3,72.2
-246.9,53.8,72.2
-248.2,54.3,72.2
-249.6,54.7,72.2
-250.8,55.4,72.3
-252.1,56.1,72.3
-253.3,56.7,72.3
-254.5,57.4,72.4
-255.6,58.2,72.4
-256.7,58.9,72.5
-257.7,59.8,72.6
-258.8,60.7,72.5
-259.6,61.6,72.6
-260.6,62.5,72.6
-261.5,63.4,72.6
-262.2,64.3,72.8
-263,65.2,72.8
-263.8,66.2,72.8
-264.4,67.1,72.9
-265.1,68.1,72.8
-265.6,69,72.9
-266.1,70,73.1
-266.7,71,73
-267,72,73.2
-267.5,73,73.2
-267.8,74.1,73.3
-268.2,75.2,73.3
-268.4,76.2,73.4
-268.7,77.3,73.4
-268.9,78.3,73.5
-269.1,79.5,73.5
-269,80.6,73.7
-269,81.7,73.8
-268.9,82.8,73.9
-268.8,84,74
-268.7,85.3,74.2
-268.4,86.5,74.3
-268.2,87.7,74.4
-268,88.9,74.5
-267.6,90.2,74.6
-267.2,91.5,74.8
-266.8,92.7,74.9
-266.3,93.9,75
-265.9,95.1,75
-265.4,96.3,75.1
-264.7,97.4,75.3
-264.1,98.5,75.4
-263.4,99.5,75.4
-262.7,100.5,75.6
-261.9,101.3,75.7
-261.2,102.2,75.7
-260.3,102.9,76
-259.5,103.6,76.1
-258.6,104.1,76.2
-257.8,104.7,76.3
-256.9,105.2,76.4
-256,105.7,76.5
-255,106.1,76.7
-254.2,106.4,76.7
-253.3,106.8,76.9
-252.3,107,77
-251.4,107.2,77.1
-250.5,107.4,77.2
-249.6,107.3,77.4
-248.7,107.3,77.5
-247.9,107.2,77.5
-247,107.1,77.7
-246.1,106.9,77.8
-245.4,106.6,77.9
-244.5,106.3,78
-243.8,106,78.1
-242.9,105.7,78.3
-242.1,105.4,78.3
-241.3,105,78.5
-240.6,104.6,78.5
-239.8,104.3,78.6
-239.1,103.9,78.6
-238.5,103.5,78.7
-237.8,103.2,78.8
-237.2,102.9,78.9
-236.7,102.5,78.9
-236.1,102.2,78.9
-235.7,101.7,79
-235.4,101.4,79
-235,101,79
-234.7,100.5,79.1
-234.5,100.1,79.1
-234.2,99.6,79.2
-234,99.2,79.2
-233.9,98.7,79.3
-233.8,98.2,79.3
-233.8,97.7,79.4
-233.9,97.2,79.3
-233.9,96.6,79.4
-234.1,96.1,79.4
-234.3,95.6,79.4
-234.5,95.1,79.4
-234.7,94.7,79.5
-235.2,94.1,79.4
-235.5,93.6,79.5
-235.8,93,79.5
-236.3,92.5,79.5
-236.8,91.9,79.5
-237.2,91.3,79.5
-237.7,90.7,79.5
-238.2,90.2,79.5
-238.7,89.6,79.4
-239.3,89.1,79.4
-239.8,88.6,79.3
-240.2,88.1,79.4
-240.6,87.7,79.3
-241.1,87.4,79.2
-241.4,87.2,79.3
-241.9,87.1,79.2
-242.3,87.1,79.1
-242.6,87.2,79.2
-242.8,87.3,79.1
-243.2,87.5,79.1
-243.5,87.8,79.1
-243.6,88.1,79.1
-243.9,88.4,79.1
-244.1,88.8,79.1
-244.3,89.2,79.1
-244.6,89.6,79
-244.7,90.1,79.1
-244.9,90.6,79
-245.1,90.9,79
-245.2,91.3,78.9
-245.3,91.7,79
-245.4,92.1,78.9
-245.6,92.3,78.8
-245.6,92.7,78.9
-245.6,92.9,78.9
-245.7,93.2,78.8
-245.6,93.4,78.9
-245.6,93.7,78.8
-245.5,93.9,78.9
-245.4,94.1,78.8
-245.3,94.3,78.8
-245.1,94.4,78.9
-245.1,94.4,78.8
-244.8,94.5,78.8
-244.5,94.5,78.8
-244.2,94.5,78.8
-243.7,94.4,78.8
-243.2,94.4,78.8
-242.5,94.5,78.9
-241.9,94.5,78.9
-241.3,94.5,78.9
-240.6,94.5,79
-239.9,94.5,79
-239,94.6,79.1
-238.2,94.7,79.1
-237.3,94.8,79.1
-236.4,94.8,79.1
-235.4,94.9,79.1
-234.3,95,79.1
-233.3,95,79.1
-232.3,95,79
-231.2,94.9,79
-230.1,94.7,79
-229,94.4,78.9
-227.9,94.2,78.9
-226.7,93.9,78.8
-225.6,93.5,78.7
-224.3,93.2,78.6
-223.1,92.8,78.5
-221.9,92.4,78.3
-220.7,92,78.2
-219.5,91.5,78
-218.4,91,77.8
-217.3,90.4,77.7
-216.3,89.8,77.5
-215.3,89,77.3
-214.3,88.3,77.1
-213.4,87.5,76.9
-212.6,86.6,76.7
-211.7,85.6,76.4
-210.9,84.6,76.3
-210.1,83.4,75.9
-209.4,82.3,75.7
-208.6,81.1,75.4
-207.8,80,75
-207.1,78.8,74.7
-206.3,77.8,74.4
-205.7,76.8,74
-204.9,75.8,73.7
-204.3,74.8,73.4
-203.7,73.8,73
-203.1,72.8,72.6
-202.6,71.8,72.3
-202,70.7,71.9
-201.5,69.6,71.6
-201.1,68.4,71.1
-200.7,67.2,70.7
-200.3,66,70.3
-200,64.7,69.8
-199.6,63.5,69.5
-199.4,62.2,69
-199.2,61,68.5
-199,59.8,68.1
-198.9,58.6,67.7
-198.8,57.4,67.3
-198.8,56.2,66.8
-198.8,55,66.4
-198.8,53.9,66
-198.8,52.6,65.6
-198.9,51.4,65.2
-199,50.1,64.6
-199,48.9,64.2
-199.2,47.6,63.7
-199.3,46.4,63.2
-199.5,45.1,62.6
-199.7,43.8,62.1
-199.8,42.5,61.5
-200.1,41.2,61
-200.3,40,60.4
-200.5,38.8,59.8
-200.8,37.7,59.3
-201,36.6,58.8
-201.2,35.6,58.3
-201.5,34.6,57.8
-201.8,33.8,57.4
-202.1,32.9,57
-202.3,32.2,56.7
-202.6,31.5,56.3
-202.9,30.9,56.1
-203.2,30.3,55.8
-203.5,29.7,55.5
-203.8,29.1,55.3
-204.1,28.6,55.1
-204.4,28.2,54.9
-204.8,27.7,54.7
-205.2,27.3,54.5
-205.6,26.9,54.3
-205.9,26.5,54.2
-206.3,26.1,54.1
-206.8,25.6,53.9
-207.2,25.2,53.7
-207.6,24.7,53.5
-208.1,24.1,53.3
-208.5,23.6,53.1
-209,22.9,52.8
-209.6,22.2,52.3
-210.1,21.5,51.9
-210.6,20.6,51.4
-211.2,19.6,50.8
-211.7,18.7,50.2
-212.4,17.7,49.4
-213,16.6,48.6
-213.6,15.6,47.9
-214.2,14.6,47.2
-214.8,13.6,46.5
-215.4,12.6,45.7
-216.1,11.7,45
-216.8,10.7,44.3
-217.5,9.8,43.5
-218.2,8.9,42.7
-218.9,8,41.9
-219.6,7.1,41.1
-220.2,6.2,40.3
-221,5.3,39.5
-221.8,4.4,38.6
-222.5,3.6,37.8
-223.2,2.7,36.9
-224,1.9,35.9
-224.7,1,35.1
-225.5,0.2,34.3
-226.3,-0.5,33.4
-227.1,-1.2,32.7
-227.9,-1.8,31.9
-228.7,-2.4,31.2
-229.5,-2.9,30.6
-230.2,-3.4,30
-231,-3.9,29.4
-231.7,-4.3,29
-232.4,-4.7,28.4
-233.1,-5.1,27.9
-233.8,-5.4,27.4
-234.5,-5.7,26.9
-235.2,-6,26.6
-236,-6.2,26.3
-236.7,-6.3,26.1
-237.4,-6.4,25.9
-238.2,-6.5,25.9
-238.9,-6.5,25.8
-239.6,-6.5,25.9
-240.3,-6.4,25.9
-241,-6.4,25.8
-241.6,-6.4,25.8
-242.1,-6.4,25.7
-242.6,-6.5,25.6
-243.1,-6.6,25.5
-243.6,-6.7,25.2
-244,-6.8,25
-244.4,-6.9,24.8
-244.9,-7,24.6
-245.4,-7.1,24.4
-245.9,-7.1,24.3
-246.5,-7.2,24.2
-247.1,-7.2,24
-247.7,-7.2,23.9
-248.2,-7.3,23.8
-248.9,-7.3,23.6
-249.5,-7.3,23.4
-250.1,-7.4,23.2
-250.8,-7.4,23
-251.4,-7.5,22.8
-252.1,-7.5,22.4
-252.9,-7.7,22.1
-253.7,-7.8,21.6
-254.4,-8,21.1
-255.2,-8.2,20.7
-256.1,-8.3,20
-257,-8.5,19.6
-257.9,-8.5,19.1
-258.9,-8.6,18.5
-259.8,-8.6,18.2
-260.8,-8.6,17.8
-261.8,-8.5,17.5
-262.8,-8.5,17.1
-263.7,-8.4,16.9
-264.7,-8.4,16.4
-265.7,-8.3,15.9
-266.6,-8.4,15.4
-267.5,-8.4,14.8
-268.4,-8.4,14.2
-269.3,-8.3,13.8
-270.1,-8.3,13.3
-271,-8.1,13
-271.8,-8,12.6
-272.6,-7.8,12.5
-273.4,-7.6,12.4
-274.3,-7.4,12.2
-275.1,-7.1,12.1
-275.9,-6.8,12
-276.7,-6.5,12
-277.5,-6.2,11.9
-278.3,-5.8,11.8
-279.1,-5.5,11.8
-279.8,-5.2,11.7
-280.6,-4.9,11.7
-281.3,-4.6,11.6
-282,-4.3,11.4
-282.8,-4,11.2
-283.5,-3.7,11.2
-284.2,-3.4,11.1
-284.9,-3.1,11
-285.6,-2.7,11
-286.3,-2.4,11
-287,-2,10.9
-287.7,-1.7,10.9
-288.5,-1.3,10.7
-289.2,-0.9,10.6
-289.9,-0.6,10.5
-290.7,-0.2,10.4
-291.4,0.3,10.4
-292.3,0.8,10.3
-293.2,1.3,10.3
-294,1.9,10.4
-294.9,2.5,10.3
-295.8,3.1,10.5
-296.7,3.8,10.5
-297.7,4.5,10.6
-298.7,5.4,10.7
-299.6,6.2,11
-300.5,7.1,11.3
-301.4,8,11.7
-302.4,9,12
-303.2,10,12.3
-304.1,10.9,12.6
-305,11.8,12.9
-305.8,12.7,13.2
-306.6,13.6,13.5
-307.4,14.6,13.8
-308.2,15.6,14.1
-309,16.5,14.3
-309.8,17.6,14.6
-310.5,18.4,14.8
-311.3,19.3,14.9
-312,20.2,15.1
-312.7,21,15.2
-313.3,21.8,15.3
-314,22.6,15.4
-314.6,23.5,15.4
-315.2,24.2,15.6
-315.8,24.9,15.6
-316.3,25.6,15.7
-316.9,26.3,15.6
-317.5,27.1,15.5
-318,27.7,15.7
-318.5,28.4,15.7
-319,29.2,15.8
-319.5,30,16
-320,30.8,16
-320.5,31.7,16.1
-321,32.4,16.2
-321.5,33.3,16.3
-321.9,34.1,16.5
-322.4,34.8,16.5
-322.8,35.7,16.7
-323.2,36.4,16.8
-323.6,37.3,17
-324,38,17.1
-324.3,38.6,17.2
-324.5,39.2,17.4
-324.7,39.6,17.4
-324.9,40.3,17.6
-325.2,40.7,17.6
-325.4,41.3,17.7
-325.7,42.1,17.9
-325.9,42.8,18.2
-326.2,43.7,18.4
-326.5,44.6,18.7
-326.8,45.6,18.9
-327.2,46.6,19.2
-327.5,47.6,19.4
-327.8,48.5,19.6
-328.1,49.3,19.8
-328.3,50,19.9
-328.5,50.6,20.1
-328.7,51.3,20
-329,51.8,20
-329.2,52.3,20
-329.6,52.8,19.8
-329.9,53.3,19.6
-330.2,53.8,19.4
-330.4,54.4,19.3
-330.8,55,19
-331.2,55.6,18.8
-331.5,56.4,18.8
-331.8,57.2,18.8
-332,58,18.9
-332.3,58.7,18.8
-332.5,59.3,18.8
-332.7,60,18.8
-333,60.6,18.7
-333.2,61.4,18.6
-333.3,62,18.7
-333.6,62.6,18.7
-333.8,63.4,18.7
-334,64.2,18.7
-334.1,65.1,18.9
-334.4,66,18.9
-334.6,67.1,19
-334.7,68.2,19.1
-334.9,69.2,19.3
-335.1,70.2,19.4
-335.3,71.4,19.4
-335.4,72.4,19.5
-335.6,73.5,19.5
-335.7,74.5,19.7
-335.8,75.5,19.8
-335.9,76.6,19.8
-336,77.5,19.8
-336,78.6,20.1
-336.1,79.8,20.2
-336.1,80.9,20.4
-336.2,82,20.4
-336.2,83.2,20.5
-336.2,84.5,20.7
-336.2,85.6,20.7
-336.2,86.8,20.9
-336.2,88,20.9
-336.2,89,21
-336.1,90.3,21.2
-336.1,91.4,21.1
-336,92.3,21.3
-336,93.3,21.2
-335.9,94.4,21.3
-335.8,95.4,21.4
-335.7,96.4,21.4
-335.6,97.4,21.5
-335.5,98.4,21.6
-335.4,99.4,21.5
-335.3,100.4,21.6
-335.2,101.4,21.6
-335,102.4,21.6
-334.9,103.2,21.6
-334.8,104,21.6
-334.6,105,21.6
-334.4,106,21.7
-334.3,106.9,21.7
-334.1,107.8,21.7
-333.9,108.7,21.7
-333.7,109.6,21.7
-333.6,110.4,21.7
-333.4,111.2,21.8
-333.2,112.1,21.7
-333,112.9,21.7
-332.8,114,21.7
-332.6,115,21.6
-332.4,116,21.5
-332.1,117,21.4
-331.8,118.2,21.4
-331.6,119.4,21.2
-331.3,120.6,21
-331,121.6,20.9
-330.7,122.8,20.7
-330.4,123.7,20.6
-330,124.7,20.6
-329.7,125.7,20.6
-329.3,126.6,20.6
-329,127.5,20.5
-328.7,128.3,20.4
-328.3,129.3,20.5
-327.9,130,20.5
-327.6,130.9,20.4
-327.2,131.8,20.4
-326.8,132.7,20.4
-326.3,133.7,20.4
-325.8,134.7,20.4
-325.4,135.4,20.4
-324.9,136.3,20.4
-324.5,137.1,20.5
-323.9,138,20.6
-323.4,138.8,20.7
-322.8,139.5,21
-322.3,140.3,21
-321.7,141.1,21.1
-321.1,142,21.3
-320.3,142.9,21.5
-319.7,143.8,21.6
-318.9,144.7,21.9
-318.3,145.5,21.9
-317.5,146.4,22.2
-316.8,147.4,22.3
-316.1,148.1,22.4
-315.3,149.1,22.6
-314.5,149.8,22.8
-313.7,150.7,23
-312.9,151.6,23.1
-312,152.5,23.3
-311.2,153.3,23.4
-310.5,154,23.5
-309.7,154.8,23.8
-308.8,155.7,24
-308,156.3,24.2
-307.1,157.1,24.4
-306.3,157.8,24.5
-305.5,158.4,24.7
-304.6,159.1,25.1
-303.7,159.7,25.3
-302.8,160.4,25.6
-301.9,161,25.9
-301,161.6,26.2
-300.1,162.1,26.6
-299.2,162.5,26.9
-298.3,163.1,27.4
-297.3,163.5,27.8
-296.5,163.8,28.2
-295.4,164.3,28.8
-294.5,164.6,29.2
-293.7,164.9,29.5
-292.6,165.3,30
-291.6,165.7,30.6
-290.6,166.1,31
-289.6,166.5,31.4
-288.6,166.8,31.8
-287.6,167.1,32.2
-286.6,167.5,32.7
-285.5,167.7,33.2
-284.5,168,33.6
-283.5,168.3,34
-282.4,168.6,34.5
-281.4,168.9,34.9
-280.3,169.2,35.3
-279.3,169.3,35.7
-278.3,169.6,36.1
-277.2,169.8,36.5
-276.1,170.1,36.8
-275.1,170.3,37.2
-273.9,170.6,37.7
-273,170.7,37.9
-271.8,170.9,38.3
-270.7,171.1,38.6
-269.7,171.3,39
-268.6,171.4,39.3
-267.5,171.5,39.7
-266.4,171.6,40
-265.3,171.7,40.3
-264.2,171.7,40.8
-263,171.8,41.2
-261.9,171.8,41.6
-260.7,171.7,42.1
-259.6,171.7,42.5
-258.5,171.6,42.9
-257.4,171.6,43.2
-256.3,171.5,43.6
-255.2,171.4,44
-254,171.3,44.4
-252.9,171.2,44.8
-251.8,171,45.2
-250.7,170.8,45.5
-249.6,170.5,45.9
-248.4,170.3,46.4
-247.2,170,46.8
-246,169.8,47.3
-244.9,169.3,47.7
-243.6,169.2,48
-242.4,168.9,48.3
-241.1,168.7,48.7
-239.9,168.4,48.9
-238.7,168.1,49.2
-237.4,167.9,49.4
-236.2,167.6,49.6
-234.9,167.4,49.9
-233.7,167,50.1
-232.3,166.7,50.4
-231.1,166.4,50.6
-229.8,166.1,50.7
-228.6,165.7,50.9
-227.2,165.3,51.2
-226,164.9,51.3
-224.7,164.4,51.4
-223.4,163.9,51.6
-222.2,163.5,51.7
-220.8,163,52
-219.6,162.4,52.1
-218.3,161.9,52.3
-217.2,161.3,52.4
-215.9,160.8,52.5
-214.7,160.3,52.6
-213.5,159.7,52.7
-212.3,159.1,52.8
-211.1,158.6,52.9
-209.8,158,52.9
-208.6,157.4,53
-207.3,156.8,53
-206.1,156.2,52.9
-204.8,155.6,52.9
-203.6,155,52.9
-202.3,154.4,52.8
-201,153.8,52.7
-199.7,153.2,52.5
-198.5,152.7,52.2
-197.1,152.3,51.9
-195.9,151.8,51.6
-194.6,151.4,51.2
-193.4,151,50.8
-192.2,150.5,50.4
-190.9,150,50.1
-189.7,149.5,49.8
-188.7,149,49.4
-187.5,148.4,49.2
-186.4,147.8,48.9
-185.5,147.3,48.6
-184.5,146.7,48.3
-183.6,146.2,48
-182.8,145.7,47.8
-181.9,145.2,47.6
-181.2,144.7,47.4
-180.4,144.2,47.2
-179.7,143.5,47.2
-179.1,142.8,47.1
-178.5,142.1,47.1
-177.9,141.4,47.1
-177.4,140.6,47.1
-177,139.9,47.2
-176.6,139.2,47.3
-176.2,138.5,47.4
-175.8,137.9,47.6
-175.6,137.3,47.7
-175.4,136.7,47.8
-175.2,136.1,48
-175,135.4,48.2
-174.9,134.8,48.4
-174.7,134.1,48.7
-174.5,133.4,48.9
-174.4,132.7,49.2
-174.4,132,49.4
-174.2,131.3,49.8
-174.2,130.6,50.1
-174.2,129.9,50.4
-174.3,129.2,50.7
-174.3,128.5,51.1
-174.4,127.7,51.5
-174.4,126.8,51.9
-174.6,125.9,52.3
-174.6,125,52.8
-174.8,124,53.2
-174.9,123.1,53.6
-175,122.1,54.1
-175.1,121.2,54.6
-175.4,120.2,55
-175.6,119.1,55.4
-175.8,118.1,55.9
-176.1,117,56.4
-176.4,115.8,57
-176.7,114.5,57.6
-177.1,113.2,58.1
-177.5,111.9,58.8
-178,110.5,59.3
-178.5,109,59.9
-178.9,107.5,60.6
-179.5,105.9,61.2
-180.1,104.4,61.7
-180.6,102.7,62.3
-181.2,101,62.8
-181.7,99.4,63.3
-182.2,97.8,63.7
-182.8,96.2,64.1
-183.3,94.7,64.4
-183.7,93.1,64.7
-184.1,91.6,65
-184.4,90.1,65.2
-184.7,88.6,65.4
-185.1,87.1,65.4
-185.3,85.5,65.5
-185.4,84,65.6
-185.7,82.4,65.5
-185.8,80.9,65.5
-185.9,79.3,65.4
-186,77.9,65.2
-185.9,76.5,65.1
-185.9,75.1,64.9
-185.8,73.8,64.6
-185.8,72.5,64.3
-185.7,71.1,64
-185.5,69.8,63.7
-185.4,68.4,63.3
-185.2,67,62.9
-185,65.5,62.5
-184.8,64.1,62
-184.7,62.6,61.6
-184.5,61.1,61.1
-184.3,59.8,60.6
-184,58.3,60.1
-183.9,57,59.5
-183.7,55.6,58.9
-183.5,54.2,58.3
-183.4,52.8,57.7
-183.3,51.5,57.2
-183.2,50.1,56.5
-183.1,48.7,55.9
-183.1,47.2,55.2
-183.1,45.8,54.6
-183.2,44.3,53.9
-183.4,42.9,53.2
-183.4,41.4,52.5
-183.6,39.8,51.8
-183.9,38.3,51
-184.1,36.8,50.3
-184.5,35.3,49.6
-184.9,33.7,48.8
-185.3,32.2,48.1
-185.7,30.7,47.3
-186.2,29.3,46.6
-186.7,27.8,45.8
-187.3,26.3,45.1
-187.9,24.9,44.3
-188.5,23.4,43.5
-189.2,22,42.7
-189.9,20.5,41.8
-190.5,19.2,41.1
-191.3,17.8,40.2
-192,16.6,39.5
-192.7,15.4,38.8
-193.5,14.2,38
-194.2,13,37.3
-194.9,11.9,36.7
-195.7,10.8,36
-196.5,9.8,35.2
-197.3,8.8,34.5
-198,7.8,33.9
-198.8,6.9,33.3
-199.6,6.1,32.7
-200.3,5.3,32.1
-201.2,4.4,31.5
-201.9,3.6,30.9
-202.7,2.7,30.3
-203.6,1.9,29.5
-204.4,1,28.8
-205.3,0.1,28
-206.2,-0.7,27.3
-207,-1.4,26.8
-207.9,-2,26.3
-208.8,-2.6,25.9
-209.7,-3.1,25.5
-210.6,-3.5,25.3
-211.5,-3.9,25.1
-212.6,-4.3,24.9
-213.6,-4.7,24.6
-214.7,-5.1,24.4
-215.8,-5.6,24
-216.9,-6.1,23.6
-218,-6.7,23.1
-219.2,-7.2,22.5
-220.5,-7.8,21.9
-221.6,-8.3,21.4
-222.8,-8.9,20.8
-224,-9.4,20.2
-225.2,-9.9,19.5
-226.5,-10.5,18.8
-227.6,-10.9,18.2
-228.9,-11.4,17.5
-230.1,-11.8,16.9
-231.3,-12.2,16.2
-232.5,-12.6,15.6
-233.7,-13,14.9
-234.9,-13.4,14.3
-236,-13.7,13.7
-237.2,-14,13
-238.3,-14.2,12.5
-239.3,-14.5,12
-240.3,-14.7,11.5
-241.3,-14.9,11
-242.2,-15.1,10.5
-243.1,-15.2,10.1
-243.9,-15.3,9.8
-244.8,-15.3,9.6
-245.7,-15.2,9.6
-246.6,-15.1,9.6
-247.5,-14.9,9.9
-248.4,-14.7,10.1
-249.2,-14.4,10.5
-250,-14,11
-250.7,-13.7,11.5
-251.5,-13.3,12
-252.2,-12.9,12.6
-252.8,-12.4,13.3
-253.5,-11.9,13.9
-254.1,-11.4,14.7
-254.8,-10.8,15.5
-255.5,-10.3,16.1
-256.1,-9.7,16.9
-256.8,-9.2,17.5
-257.5,-8.8,18
-258.2,-8.3,18.5
-259,-7.9,18.8
-259.7,-7.6,19.1
-260.5,-7.3,19.3
-261.2,-7.1,19.4
-262,-6.8,19.5
-262.9,-6.5,19.5
-263.8,-6.2,19.6
-264.7,-5.9,19.7
-265.7,-5.6,19.7
-266.7,-5.2,19.7
-267.7,-4.9,19.7
-268.7,-4.5,19.8
-269.8,-4.1,19.8
-270.8,-3.7,20
-271.8,-3.3,20
-272.8,-2.8,20
-273.8,-2.4,20.2
-274.8,-2,20.2
-275.8,-1.5,20.2
-276.8,-1.1,20.3
-277.8,-0.6,20.2
-278.7,-0.2,20.4
-279.8,0.4,20.4
-280.8,1,20.5
-281.8,1.7,20.7
-282.9,2.4,20.9
-284,3.1,21.2
-285,3.9,21.4
-286,4.7,21.7
-287,5.5,22
-288,6.2,22.3
-288.9,7,22.6
-289.8,7.9,22.8
-290.6,8.7,23.3
-291.6,9.7,23.6
-292.6,10.7,24
-293.4,11.8,24.6
-294.3,12.9,25.1
-295.3,14.1,25.6
-296.2,15.2,26.1
-297.2,16.3,26.4
-298.1,17.4,26.9
-298.9,18.5,27.2
-299.8,19.4,27.5
-300.5,20.3,27.8
-301.3,21.2,27.9
-302.1,22.2,28
-302.9,23,28.2
-303.6,24,28.4
-304.6,25,28.4
-305.5,26.1,28.5
-306.3,27.1,28.7
-307.2,28.1,28.7
-308.1,29.2,28.6
-308.9,30.2,28.6
-309.8,31.1,28.6
-310.5,32.1,28.6
-311.3,33,28.6
-312.1,33.9,28.4
-312.9,34.7,28.3
-313.7,35.4,28.1
-314.4,36.3,27.9
-315.1,37.1,27.7
-315.9,37.7,27.3
-316.7,38.4,26.9
-317.5,39.1,26.5
-318.2,40,26.3
-319,40.8,26
-319.7,41.7,25.7
-320.4,42.5,25.5
-321.2,43.4,25.1
-321.9,44.4,24.9
-322.5,45.2,24.7
-323.2,45.9,24.4
-323.7,46.6,24.2
-324.3,47.3,23.8
-324.8,48,23.6
-325.3,48.6,23.3
-325.8,49.2,23.1
-326.3,50,23
-326.7,50.9,22.9
-327.2,51.9,22.8
-327.6,52.8,22.8
-328.1,53.9,22.8
-328.5,55.1,22.8
-328.9,56.3,22.9
-329.4,57.5,22.9
-329.7,58.8,23.2
-330,60.2,23.3
-330.2,61.6,23.6
-330.5,62.9,23.8
-330.6,64.4,24.2
-330.8,66.1,24.6
-330.9,67.6,25
-331,69.3,25.4
-330.9,71,26
-330.9,72.8,26.5
-330.8,74.6,27.1
-330.7,76.3,27.6
-330.6,78,28.1
-330.3,79.8,28.8
-330,81.6,29.4
-329.6,83.5,30
-329.3,85.2,30.6
-329,87.1,31.1
-328.6,89.1,31.6
-328.2,91,32.2
-327.7,92.8,32.8
-327.1,94.7,33.4
-326.5,96.5,34.1
-325.8,98.2,34.7
-325.1,100,35.3
-324.3,101.9,35.9
-323.6,103.7,36.4
-322.8,105.5,37
-321.9,107.4,37.6
-321,109.3,38.2
-320,111.4,38.6
-319,113.4,39.1
-318,115.4,39.5
-316.9,117.4,40.1
-315.8,119.2,40.5
-314.8,121.1,41
-313.6,122.9,41.4
-312.4,124.6,41.8
-311.1,126.4,42.3
-309.8,128.1,42.8
-308.5,129.8,43.1
-307.3,131.4,43.4
-305.9,133.2,43.8
-304.7,134.8,43.9
-303.3,136.3,44.2
-301.8,137.9,44.6
-300.4,139.4,44.9
-298.9,140.8,45.2
-297.5,142.2,45.4
-295.9,143.5,45.7
-294.4,144.9,46
-292.8,146.2,46.3
-291.3,147.4,46.5
-289.8,148.7,46.6
-288.2,149.8,46.9
-286.4,150.9,47.3
-284.9,151.9,47.4
-283.2,152.9,47.7
-281.5,153.7,48
-279.8,154.7,48.2
-278,155.4,48.5
-276.2,156.3,48.7
-274.4,157.2,48.9
-272.5,157.9,49.2
-270.7,158.7,49.3
-268.8,159.3,49.6
-267,159.9,49.8
-265.1,160.4,50
-263.3,160.9,50.2
-261.4,161.2,50.4
-259.5,161.6,50.6
-257.6,161.9,50.9
-255.8,162.1,51.1
-254,162.3,51.3
-252.1,162.6,51.5
-250.3,162.7,51.7
-248.5,162.8,51.9
-246.7,162.9,52
-244.8,162.8,52.2
-242.8,162.8,52.4
-240.9,162.8,52.6
-239.1,162.7,52.6
-237.2,162.6,52.8
-235.4,162.3,53
-233.5,162,53.2
-231.7,161.8,53.3
-229.9,161.4,53.4
-228.1,161,53.6
-226.4,160.5,53.7
-224.6,160.1,53.8
-222.8,159.5,53.9
-221.1,158.9,54.1
-219.4,158.3,54.2
-217.7,157.6,54.3
-216,156.9,54.5
-214.4,156.3,54.6
-212.9,155.7,54.7
-211.4,155,54.7
-210,154.6,54.6
-208.5,153.8,54.6
-207,153.1,54.6
-205.4,152.3,54.6
-203.9,151.4,54.7
-202.6,150.4,54.7
-201.1,149.6,54.7
-199.7,148.8,54.7
-198.5,148,54.6
-197.2,147.4,54.6
-196,146.6,54.4
-194.7,146.1,54.2
-193.4,145.4,54
-192.1,144.6,53.9
-190.9,143.7,53.7
-189.7,142.8,53.6
-188.5,141.8,53.5
-187.3,140.9,53.3
-186.1,140,53.2
-185.1,139.2,52.9
-183.9,138.4,52.7
-182.9,137.7,52.5
-181.9,137.1,52.1
-180.9,136.4,51.8
-179.8,135.6,51.6
-178.9,134.7,51.4
-177.9,133.8,51.2
-177,132.8,51
-176.1,131.8,50.8
-175.3,130.9,50.7
-174.5,129.9,50.5
-173.8,129,50.4
-173,128,50.3
-172.3,126.9,50.3
-171.7,125.9,50.2
-171.1,124.9,50.1
-170.6,123.8,50.1
-170,122.7,50.2
-169.5,121.4,50.2
-169.1,120.2,50.3
-168.8,118.9,50.4
-168.4,117.6,50.6
-168.2,116.4,50.8
-168,115,51.1
-167.9,113.5,51.4
-167.8,112,51.8
-167.8,110.4,52.2
-167.8,108.7,52.6
-167.9,106.9,53
-168,105.2,53.4
-168.2,103.5,53.8
-168.4,101.9,54.1
-168.5,100.3,54.6
-168.9,98.7,55
-169.2,97.1,55.4
-169.6,95.5,55.8
-170,93.8,56.2
-170.4,92.1,56.6
-170.9,90.4,57
-171.5,88.7,57.2
-171.9,87.1,57.7
-172.5,85.5,58
-173.1,84.1,58.3
-173.7,82.6,58.7
-174.3,81.3,59
-174.9,80,59.4
-175.6,78.7,59.7
-176.4,77.4,60
-177.1,76,60.3
-177.9,74.5,60.7
-178.8,73,60.9
-179.7,71.5,61.2
-180.6,69.8,61.5
-181.6,68.2,61.6
-182.6,66.6,61.8
-183.6,65.1,62
-184.6,63.6,62.2
-185.6,62.2,62.3
-186.6,60.8,62.4
-187.6,59.5,62.5
-188.6,58.3,62.6
-189.5,57.1,62.7
-190.5,56,62.9
-191.5,54.9,62.9
-192.6,53.8,63
-193.6,52.7,63
-194.6,51.6,63.1
-195.7,50.5,63.1
-196.8,49.3,63
-197.9,48.1,62.9
-199.1,46.8,62.7
-200.2,45.5,62.6
-201.4,44.2,62.4
-202.6,42.9,62.2
-203.7,41.7,62
-204.9,40.5,61.8
-206,39.4,61.5
-207.2,38.4,61.3
-208.3,37.4,61.1
-209.5,36.5,60.9
-210.7,35.6,60.8
-211.9,34.7,60.5
-213,33.8,60.3
-214.2,32.9,60
-215.4,32.1,59.8
-216.7,31.2,59.5
-217.9,30.4,59.2
-219.2,29.7,58.9
-220.4,29,58.8
-221.8,28.3,58.5
-223.1,27.7,58.3
-224.5,27.1,58
-225.8,26.5,57.8
-227.3,25.8,57.4
-228.6,25.1,57.1
-230,24.4,56.6
-231.4,23.7,56.2
-232.9,22.9,55.7
-234.5,22.2,55.1
-235.9,21.6,54.7
-237.4,21,54.2
-239,20.4,53.7
-240.5,19.8,53.3
-242.1,19.4,52.8
-243.7,19,52.3
-245.3,18.6,51.8
-246.8,18.3,51.4
-248.3,17.9,50.9
-249.8,17.6,50.4
-251.4,17.3,49.8
-252.8,17.1,49.4
-254.2,16.9,48.9
-255.6,16.9,48.6
-257,16.9,48.3
-258.4,17,47.9
-259.9,17.1,47.6
-261.2,17.3,47.4
-262.4,17.5,47.2
-263.7,17.7,46.9
-265,17.9,46.7
-266.3,18.2,46.4
-267.6,18.5,46.2
-268.8,19,46.1
-270.1,19.5,46.1
-271.3,20,46
-272.6,20.6,46
-273.9,21.3,45.9
-275.1,21.8,45.8
-276.2,22.5,45.9
-277.4,23.1,45.7
-278.6,23.8,45.7
-279.6,24.6,45.7
-280.8,25.4,45.8
-281.9,26.3,45.9
-283,27.3,46
-284.1,28.4,46.2
-285.1,29.5,46.4
-286.3,30.6,46.4
-287.2,31.7,46.8
-288.2,32.8,46.8
-289.1,33.9,47
-290.1,34.9,47.1
-291,36,47.2
-291.8,37.2,47.4
-292.7,38.4,47.6
-293.4,39.7,47.9
-294.1,41,48.2
-294.8,42.4,48.5
-295.5,43.7,48.8
-296.1,45.1,49.1
-296.7,46.5,49.4
-297.3,47.9,49.6
-297.7,49.4,50
-298.2,50.8,50.3
-298.7,52.2,50.6
-299.1,53.6,50.9
-299.4,55,51.3
-299.9,56.4,51.4
-300.2,58,51.8
-300.5,59.5,52.1
-300.9,61,52.4
-301.2,62.4,52.6
-301.5,63.8,52.8
-301.7,65.1,53
-302,66.3,53.1
-302.3,67.5,53.1
-302.4,68.7,53.4
-302.5,69.9,53.6
-302.5,71.1,53.9
-302.6,72.7,54.2
-302.6,74.2,54.4
-302.5,75.9,54.8
-302.3,77.6,55.3
-302.2,79.3,55.5
-302,81,55.8
-301.7,82.7,56.2
-301.4,84.2,56.5
-301.1,85.6,56.8
-300.6,86.9,57.3
-300.2,88.3,57.5
-299.7,89.6,57.9
-299.1,90.9,58.4
-298.6,92.3,58.6
-297.9,93.7,59
-297.2,95.3,59.4
-296.6,96.8,59.7
-296,98.4,60
-295.3,100,60.2
-294.6,101.5,60.5
-293.8,103,60.9
-293.1,104.3,61.1
-292.2,105.7,61.5
-291.4,106.9,61.7
-290.6,108.1,62
-289.6,109.3,62.3
-288.6,110.5,62.6
-287.6,111.8,62.9
-286.6,113.2,63.1
-285.4,114.7,63.3
-284.4,116.3,63.4
-283.2,117.9,63.6
-282,119.5,63.8
-280.8,121.1,63.8
-279.5,122.7,64
-278.3,124.1,64.1
-277,125.4,64.2
-275.6,126.7,64.3
-274.2,128,64.4
-272.8,129.3,64.4
-271.5,130.5,64.4
-270,132,64.3
-268.6,133.4,64.3
-267.2,134.9,64.1
-265.7,136.5,63.9
-264.3,137.9,63.7
-262.9,139.3,63.4
-261.4,140.7,63.2
-260.1,141.7,63
-258.6,142.8,62.9
-257.2,143.6,62.7
-255.7,144.3,62.8
-254.3,144.9,62.7
-253,145.3,62.7
-251.7,145.7,62.7
-250.4,146,62.7
-249.1,146.5,62.7
-247.9,146.8,62.7
-246.8,147.2,62.6
-245.5,147.5,62.5
-244.3,147.7,62.5
-243.1,147.8,62.6
-241.8,147.8,62.7
-240.7,147.7,62.7
-239.4,147.7,62.9
-238.2,147.6,62.9
-237,147.7,62.9
-235.8,147.9,62.9
-234.6,148,62.8
-233.4,148.2,62.7
-232.1,148.5,62.5
-230.9,148.6,62.4
-229.7,148.6,62.3
-228.4,148.5,62.2
-227.1,148.3,62.3
-225.8,148,62.3
-224.4,147.6,62.4
-223.3,147.1,62.5
-222.1,146.7,62.5
-220.9,146.3,62.6
-219.8,146,62.5
-218.6,145.7,62.5
-217.3,145.3,62.6
-216.2,144.8,62.5
-215,144.1,62.6
-213.9,143.3,62.8
-212.8,142.4,63
-211.8,141.5,63.2
-210.8,140.5,63.5
-209.9,139.5,63.7
-209.2,138.5,64
-208.3,137.5,64.3
-207.6,136.5,64.5
-206.9,135.7,64.6
-206.2,134.7,64.8
-205.5,133.6,65.1
-204.9,132.4,65.4
-204.4,131,65.7
-203.9,129.6,66.2
-203.4,128.2,66.6
-203.1,126.8,67
-202.9,125.3,67.3
-202.7,123.8,67.9
-202.6,122.4,68.3
-202.6,120.9,68.7
-202.7,119.3,69.1
-202.7,117.6,69.5
-202.8,115.9,70
-202.8,114.1,70.5
-203,112.2,70.9
-203.3,110.3,71.3
-203.6,108.6,71.7
-203.9,106.8,72.1
-204.2,105,72.4
-204.6,103.4,72.8
-205.1,101.8,73.1
-205.5,100.2,73.4
-206,98.7,73.7
-206.6,97.1,73.9
-207.1,95.4,74.1
-207.6,93.8,74.4
-208.2,92.1,74.6
-208.9,90.4,74.7
-209.6,88.8,74.9
-210.3,87.3,75
-211.1,85.8,75.2
-211.9,84.3,75.4
-212.7,82.8,75.5
-213.5,81.4,75.6
-214.4,80,75.7
-215.3,78.6,75.7
-216.3,77.2,75.7
-217.2,75.7,75.7
-218.3,74.3,75.7
-219.3,73,75.6
-220.3,71.6,75.6
-221.4,70.3,75.4
-222.4,69.1,75.4
-223.4,67.9,75.3
-224.5,66.8,75.2
-225.6,65.7,75.1
-226.7,64.7,74.9
-227.7,63.7,74.8
-228.9,62.7,74.6
-230,61.7,74.4
-231.1,60.9,74.2
-232.3,60.1,74
-233.3,59.4,73.9
-234.5,58.9,73.8
-235.6,58.5,73.6
-236.7,58.3,73.5
-237.9,58,73.4
-238.9,57.9,73.3
-240.1,57.7,73.2
-241.1,57.5,73.3
-242.4,57.3,73
-243.5,57.2,72.9
-244.8,57.1,72.8
-246.1,57.1,72.6
-247.4,57.1,72.5
-248.7,57.2,72.4
-250,57.5,72.4
-251.3,57.8,72.3
-252.7,58.1,72.1
-254.1,58.4,72
-255.5,58.7,71.8
-256.9,59.1,71.7
-258.3,59.4,71.5
-259.7,59.7,71.3
-261.2,59.9,70.9
-262.5,60.2,70.7
-264,60.5,70.4
-265.2,61,70.2
-266.6,61.5,69.9
-267.8,62,69.7
-269.1,62.7,69.5
-270.4,63.5,69.2
-271.6,64.3,69.1
-272.9,65.1,68.8
-274,66,68.6
-275.3,67,68.3
-276.5,67.9,68
-277.6,68.8,67.8
-278.7,69.8,67.5
-279.7,70.7,67.3
-280.8,71.7,67
-281.8,72.8,66.7
-282.6,74.1,66.6
-283.5,75.3,66.4
-284.4,76.7,66.2
-285.2,77.9,66
-286.2,79.2,65.6
-286.9,80.5,65.5
-287.7,81.6,65.2
-288.5,82.8,64.8
-289,84,64.6
-289.6,85.1,64.4
-290,86.3,64.3
-290.3,87.6,64.2
-290.8,88.9,64
-291.2,90.4,63.8
-291.5,92,63.6
-291.8,93.5,63.4
-292,95.1,63.3
-292.2,96.6,63.1
-292.4,98.3,62.9
-292.5,99.8,62.8
-292.4,101.3,62.7
-292.3,102.9,62.5
-292.1,104.5,62.5
-291.6,106.1,62.5
-291.3,107.8,62.5
-290.7,109.7,62.5
-290.1,111.5,62.5
-289.4,113.3,62.4
-288.7,115.1,62.4
-288,116.8,62.4
-287.1,118.4,62.4
-286.2,119.8,62.5
-285.3,121.2,62.6
-284.3,122.2,62.8
-283.4,123.3,62.9
-282.3,124.4,63.1
-281.3,125.4,63.2
-280.2,126.3,63.4
-279.1,127.2,63.6
-277.9,128.2,63.7
-276.7,129.1,63.9
-275.6,129.9,64
-274.3,130.7,64.3
-273.1,131.3,64.5
-271.8,131.8,64.8
-270.5,132.1,65.1
-269.2,132.5,65.4
-267.8,132.8,65.7
-266.4,133.1,66.1
-265.2,133.3,66.2
-263.7,133.6,66.6
-262.3,134.1,66.8
-260.9,134.4,67
-259.4,134.7,67.2
-258,135.1,67.4
-256.6,135.3,67.6
-255.2,135.5,67.8
-253.8,135.8,68
-252.3,135.8,68.2
-250.9,135.8,68.5
-249.4,135.8,68.7
-247.9,135.7,68.9
-246.4,135.6,69.1
-245,135.5,69.3
-243.5,135.5,69.4
-242.1,135.3,69.6
-240.6,135.3,69.7
-239.2,135.2,69.8
-237.7,135,69.9
-236.2,134.9,69.9
-234.8,134.7,70.1
-233.4,134.3,70.2
-232,134,70.2
-230.6,133.5,70.3
-229.2,132.9,70.5
-227.8,132.3,70.7
-226.5,131.6,70.9
-225.3,130.9,71
-224.2,130,71.1
-223,129.1,71.3
-221.9,128.2,71.5
-220.8,127.3,71.7
-219.9,126.1,71.9
-218.9,125,72.1
-218,123.8,72.3
-217.1,122.4,72.6
-216.3,120.8,72.9
-215.6,119.3,73.1
-214.9,117.6,73.4
-214.3,115.8,73.7
-213.7,114.1,73.9
-213.1,112.2,74.2
-212.6,110.4,74.4
-212.2,108.5,74.5
-211.8,106.6,74.7
-211.5,104.7,74.9
-211.3,102.8,75.1
-211.2,100.8,75.2
-211.2,98.8,75.3
-211.3,96.9,75.5
-211.4,94.9,75.6
-211.5,93,75.8
-211.8,91.2,75.9
-212.2,89.5,75.9
-212.6,87.7,75.9
-213,86,76
-213.6,84.3,76
-214.3,82.6,76
-215,80.7,76
-215.7,78.8,76
-216.6,77.1,75.9
-217.6,75.4,75.9
-218.6,73.6,75.8
-219.7,72,75.6
-220.9,70.3,75.5
-222,68.7,75.4
-223.3,67.1,75.2
-224.7,65.5,75
-226.1,63.8,74.7
-227.5,62.3,74.4
-229,60.7,74.1
-230.6,59.1,73.7
-232.1,57.6,73.3
-233.7,56.1,72.8
-235.1,54.8,72.5
-236.8,53.5,72
-238.2,52.4,71.6
-239.7,51.3,71.1
-241.3,50.4,70.7
-242.7,49.5,70.3
-244.1,49,69.9
-245.5,48.4,69.5
-246.8,48.1,69.3
-248.1,48,69.2
-249.4,48,69
-250.6,48.1,68.9
-251.9,48.4,68.8
-253.1,48.8,68.8
-254.3,49.4,68.7
-255.4,50.1,68.9
-256.5,50.8,69
-257.6,51.6,69
-258.7,52.5,69.1
-259.7,53.4,69.2
-260.7,54.3,69.3
-261.7,55.3,69.5
-262.7,56.5,69.6
-263.7,57.6,69.7
-264.7,58.9,69.8
-265.7,60.2,69.9
-266.6,61.5,69.9
-267.4,62.9,70.1
-268.3,64.3,70.2
-269.2,65.8,70.3
-269.9,67.2,70.4
-270.8,68.6,70.4
-271.6,70.1,70.4
-272.3,71.5,70.5
-273.1,72.9,70.4
-273.8,74.3,70.3
-274.5,75.7,70.3
-275,77.2,70.3
-275.5,78.7,70.2
-275.9,80.2,70.3
-276.3,81.9,70.3
-276.6,83.5,70.3
-276.7,85.2,70.4
-276.8,86.8,70.5
-276.9,88.5,70.4
-276.8,90.3,70.5
-276.6,92,70.6
-276.5,93.5,70.6
-276.2,95.2,70.7
-275.7,96.9,70.8
-275.2,98.7,70.9
-274.8,100.4,70.9
-274.2,102.1,70.9
-273.4,103.9,71
-272.7,105.6,71.1
-271.7,107.3,71.2
-270.9,109,71.2
-269.9,110.6,71.2
-268.8,112,71.4
-267.9,113.4,71.3
-266.8,114.6,71.4
-265.6,115.9,71.5
-264.4,117.1,71.5
-263.2,118.1,71.5
-262,119.3,71.5
-260.7,120.3,71.6
-259.4,121.3,71.6
-258.1,122.3,71.6
-256.7,123.2,71.6
-255.4,124,71.7
-254.1,124.6,71.6
-252.7,125.4,71.7
-251.5,125.8,71.6
-250.1,126.2,71.7
-248.8,126.5,71.7
-247.5,126.7,71.8
-246.2,127,71.8
-244.8,127.2,71.8
-243.5,127.2,72
-242.2,127.1,72
-240.8,127.1,72.1
-239.6,126.8,72.2
-238.3,126.5,72.3
-237.1,126.1,72.4
-235.9,125.6,72.6
-234.9,125,72.7
-233.8,124.3,72.9
-232.8,123.6,73.1
-231.8,122.8,73.3
-231,121.9,73.5
-230.2,121,73.7
-229.5,120,74
-228.8,118.9,74.2
-228.1,117.9,74.5
-227.5,116.8,74.7
-226.9,115.8,74.9
-226.3,114.7,75
-225.8,113.6,75.2
-225.4,112.5,75.4
-224.9,111.4,75.6
-224.6,110.2,75.8
-224.3,109,76
-224.2,107.8,76.3
-224.1,106.6,76.4
-224.1,105.3,76.7
-224.1,104,76.9
-224.3,102.6,77.1
-224.5,101.2,77.3
-224.7,99.8,77.4
-225.1,98.3,77.6
-225.5,96.8,77.7
-225.9,95.3,77.9
-226.5,93.8,77.9
-227,92.2,78.1
-227.8,90.6,78.1
-228.5,89.2,78.2
-229.3,87.7,78.2
-230.1,86.1,78.2
-231,84.8,78.2
-232,83.4,78.1
-233,82.1,78
-234,80.9,77.9
-234.9,79.8,77.9
-236,78.6,77.7
-237.2,77.6,77.6
-238.3,76.7,77.4
-239.4,75.9,77.3
-240.6,75.3,77.2
-241.8,74.8,77
-243,74.5,76.9
-244,74.4,76.8
-245.1,74.5,76.7
-246.2,74.8,76.7
-247.2,75.2,76.7
-248.3,75.6,76.6
-249.2,76.2,76.6
-250.2,76.9,76.6
-251.1,77.7,76.5
-251.9,78.5,76.6
-252.8,79.3,76.4
-253.5,80.3,76.5
-254.2,81.3,76.5
-254.9,82.4,76.4
-255.4,83.5,76.5
-256,84.7,76.4
-256.5,85.8,76.4
-257,87,76.4
-257.3,88.2,76.4
-257.7,89.4,76.4
-258.1,90.6,76.3
-258.2,91.9,76.3
-258.3,93.2,76.3
-258.5,94.4,76.2
-258.6,95.7,76.1
-258.5,96.9,76.2
-258.4,98.2,76.1
-258.3,99.5,76.1
-258,100.9,76.1
-257.8,102.1,76
-257.6,103.2,75.9
-257.3,104.5,75.7
-256.8,105.6,75.8
-256.4,106.7,75.8
-255.9,107.7,75.8
-255.4,108.7,75.7
-254.8,109.6,75.7
-254.2,110.5,75.7
-253.4,111.4,75.7
-252.8,112.1,75.7
-252.1,112.9,75.6
-251.3,113.6,75.6
-250.6,114.2,75.6
-249.9,114.9,75.5
-249.1,115.4,75.6
-248.5,115.8,75.5
-247.9,116.1,75.5
-247.1,116.4,75.6
-246.5,116.6,75.7
-246,116.6,75.7
-245.4,116.7,75.7
-244.8,116.6,75.8
-244.3,116.4,75.9
-243.8,116.3,76
-243.4,116,76.1
-243,115.7,76.1
-242.5,115.4,76.3
-242.2,114.9,76.4
-241.8,114.5,76.5
-241.4,114.1,76.6
-241.1,113.6,76.7
-240.8,113.1,76.8
-240.6,112.6,76.9
-240.3,111.9,77.1
-240.1,111.2,77.2
-239.9,110.6,77.3
-239.8,109.9,77.5
-239.7,109.1,77.6
-239.7,108.4,77.6
-239.7,107.6,77.7
-239.7,106.7,77.9
-239.7,106,78
-239.8,105.2,78.1
-239.9,104.3,78.2
-240.1,103.6,78.3
-240.3,102.9,78.3
-240.5,102.2,78.4
-240.8,101.4,78.5
-241.2,100.7,78.5
-241.6,100,78.6
-242.2,99.3,78.6
-242.9,98.6,78.5
-243.4,97.8,78.5
-244.1,97.1,78.5
-244.8,96.3,78.5
-245.5,95.6,78.5
-246.3,94.8,78.4
-247.3,94.1,78.3
-248.1,93.3,78.3
-249.2,92.5,78.1
-250.2,91.8,77.9
-251.2,91.2,77.8
-252.3,90.5,77.7
-253.4,89.9,77.5
-254.6,89.3,77.2
-255.7,88.8,77
-256.8,88.3,76.8
-257.9,88,76.5
-259,87.7,76.2
-259.9,87.6,76.1
-260.9,87.5,75.9
-261.8,87.6,75.6
-262.5,87.8,75.6
-263.4,88.1,75.3
-264,88.5,75.2
-264.6,89,75
-265.2,89.7,74.8
-265.6,90.4,74.7
-265.9,91.2,74.7
-266,92.1,74.7
-266.2,93.3,74.6
-266.3,94.5,74.5
-266.3,95.9,74.4
-266.2,97.1,74.4
-266,98.4,74.4
-265.8,99.6,74.4
-265.4,100.9,74.4
-264.9,102.1,74.5
-264.4,103.3,74.5
-263.8,104.5,74.5
-263.3,105.6,74.5
-262.7,106.8,74.5
-261.9,107.9,74.5
-261.1,108.9,74.6
-260.3,110,74.5
-259.5,111.1,74.5
-258.6,112.1,74.6
-257.6,113.1,74.6
-256.7,114,74.6
-255.6,114.8,74.6
-254.7,115.6,74.5
-253.5,116.4,74.6
-252.4,117,74.7
-251.3,117.6,74.7
-250.1,118.2,74.8
-249.1,118.6,74.8
-247.9,119.1,74.8
-246.8,119.3,74.9
-245.7,119.6,74.9
-244.6,119.6,75
-243.5,119.6,75.1
-242.5,119.4,75.2
-241.6,119.3,75.3
-240.7,119,75.4
-239.8,118.5,75.5
-239.1,118.1,75.7
-238.3,117.6,75.8
-237.6,117,76
-236.9,116.4,76.2
-236.3,115.7,76.3
-235.8,115,76.4
-235.3,114.2,76.6
-234.8,113.4,76.7
-234.3,112.6,76.9
-233.9,111.6,77.1
-233.6,110.5,77.2
-233.2,109.4,77.4
-233,108.3,77.6
-232.7,107.1,77.8
-232.6,106,77.9
-232.5,104.9,78
-232.6,103.7,78.1
-232.6,102.5,78.3
-232.9,101.4,78.3
-233,100.3,78.5
-233.3,99.2,78.6
-233.7,98.1,78.6
-234.1,97.1,78.7
-234.6,96,78.7
-235.2,95,78.8
-235.8,94.1,78.8
-236.5,93.2,78.7
-237.3,92.3,78.7
-238,91.4,78.8
-238.8,90.6,78.7
-239.6,90,78.7
-240.4,89.3,78.7
-241.3,88.6,78.5
-242.2,87.9,78.4
-243.1,87.4,78.4
-243.9,86.8,78.4
-244.8,86.4,78.2
-245.6,86,78.2
-246.5,85.6,78.1
-247.3,85.5,78
-248.1,85.3,77.9
-248.8,85.2,77.8
-249.6,85.2,77.7
-250.2,85.3,77.7
-250.8,85.6,77.6
-251.5,85.9,77.5
-252,86.2,77.5
-252.5,86.7,77.4
-252.9,87.2,77.4
-253.3,87.8,77.4
-253.7,88.4,77.3
-254,89.2,77.3
-254.2,89.9,77.4
-254.3,90.7,77.4
-254.6,91.6,77.3
-254.7,92.3,77.3
-254.8,93.1,77.3
-255,93.9,77.2
-255,94.5,77.2
-255,95.1,77.3
-255.1,95.7,77.2
-255.1,96.3,77.2
-254.9,96.8,77.3
-254.9,97.3,77.2
-254.9,97.7,77.2
-254.7,98.3,77.2
-254.6,98.7,77.2
-254.4,99.1,77.2
-254.3,99.4,77.2
-254.2,99.8,77.2
-253.9,100.2,77.2
-253.7,100.5,77.2
-253.5,100.8,77.2
-253.2,101.1,77.3
-252.9,101.3,77.3
-252.6,101.6,77.3
-252.3,101.9,77.4
-251.9,102,77.4
-251.3,102.4,77.5
-250.8,102.6,77.6
-250.3,102.8,77.6
-249.8,103,77.7
-249.1,103.2,77.8
-248.5,103.5,77.8
-247.8,103.7,77.9
-247,104,78
-246.3,104.2,78
-245.5,104.6,78.1
-244.6,104.9,78.1
-243.7,105.2,78.2
-243,105.4,78.2
-242,105.7,78.3
-241.1,105.9,78.3
-240.3,106.1,78.3
-239.4,106.3,78.4
-238.5,106.3,78.5
-237.8,106.4,78.4
-237,106.3,78.5
-236.4,106.2,78.5
-235.8,106.1,78.5
-235.2,105.9,78.5
-234.7,105.7,78.5
-234.3,105.5,78.5
-233.9,105.2,78.6
-233.5,104.9,78.7
-233.2,104.7,78.7
-233.1,104.3,78.7
-232.9,104,78.8
-232.7,103.6,78.8
-232.6,103.2,78.9
-232.6,102.7,78.9
-232.6,102.3,78.9
-232.7,101.9,79
-232.8,101.4,79
-232.9,100.8,79.1
-233.1,100.3,79.1
-233.4,99.7,79.1
-233.5,99.3,79.2
-233.8,98.8,79.2
-234,98.4,79.3
-234.4,98,79.3
-234.7,97.6,79.3
-234.9,97.3,79.4
-235.2,97,79.4
-235.6,96.9,79.3
-235.9,96.6,79.4
-236.2,96.5,79.3
-236.4,96.4,79.3
-236.6,96.4,79.4
-236.8,96.4,79.4
-237,96.4,79.3
-237.1,96.5,79.4
-237.3,96.6,79.3
-237.4,96.8,79.3
-237.5,96.9,79.3
-237.6,97.1,79.3
-237.7,97.3,79.3
-237.8,97.5,79.3
-237.9,97.7,79.3
-238,97.8,79.3
-238.1,98,79.2
-238.1,98.2,79.2
-238.2,98.3,79.2
-238.3,98.3,79.2
-238.3,98.4,79.2
-238.5,98.4,79.2
-238.5,98.5,79.2
-238.5,98.5,79.3
-238.7,98.5,79.2
-238.8,98.5,79.1
-238.9,98.4,79.2
-238.9,98.4,79.2
-239,98.3,79.2
-239.1,98.2,79.2
-239.2,98.1,79.2
-239.3,98,79.2
-239.5,97.8,79.2
-239.6,97.7,79.2
-239.7,97.5,79.2
-239.8,97.4,79.2
-239.9,97.4,79.2
-240.2,97.2,79.1
-240.2,97.1,79.2
-240.3,97,79.2
-240.4,96.9,79.2
-240.5,96.9,79.2
-240.5,96.8,79.2
-240.6,96.7,79.2
-240.6,96.6,79.2
-240.6,96.7,79.2
-240.7,96.6,79.2
-240.6,96.6,79.2
-240.6,96.7,79.2
-240.6,96.7,79.2
-240.5,96.8,79.2
-240.5,96.9,79.2
-240.4,97,79.2
-240.3,97,79.2
-240.3,97.2,79.2
-240.2,97.3,79.2
-240.1,97.4,79.2
-240.1,97.5,79.1
-240,97.7,79.2
-239.9,97.7,79.2
-239.8,97.9,79.2
-239.7,98,79.2
-239.7,98,79.1
-239.5,98.1,79.2
-239.5,98.1,79.2
-239.4,98.1,79.2
-239.4,98.1,79.2
-239.4,98.1,79.2
-239.4,98.1,79.2
-239.4,98.1,79.2
-239.4,98,79.2
-239.4,98,79.2
-239.5,97.9,79.1
-239.5,97.9,79.1
-239.5,97.9,79.2
-239.6,97.8,79.2
-239.7,97.7,79.1
-239.7,97.6,79.1
-239.8,97.6,79.2
-239.9,97.5,79.2
-240,97.4,79.2
-240.1,97.3,79.2
-240.2,97.2,79.1
-240.4,97.2,79.1
-240.4,97.1,79.2
-240.6,97,79.1
-240.7,96.9,79.2
-240.8,96.8,79.2
-241,96.7,79.1
-241.1,96.6,79.1
-241.2,96.4,79.2
-241.4,96.3,79.1
-241.5,96.1,79
-241.5,96,79.2
-241.7,95.9,79.1
-241.8,95.7,79.1
-241.9,95.6,79.1
-242,95.4,79.1
-242.1,95.3,79.1
-242.2,95.1,79.1
-242.3,94.9,79.1
-242.5,94.6,79.1
-242.5,94.4,79.1
-242.7,94.2,79.1
-242.8,93.9,79
-242.9,93.8,79
-242.9,93.6,79.1
-243,93.4,79
-243.1,93.2,79
-243.1,93.1,79.1
-243.1,92.9,79.1
-243.1,92.7,79.1
-243.2,92.6,79.1
-243.2,92.4,79.1
-243,92.4,79.1
-243.1,92.3,79
-243,92.3,79.1
-243,92.3,79.1
-243,92.4,79.1
-242.9,92.5,79.1
-242.9,92.7,79.1
-242.8,92.8,79.1
-242.8,92.9,79.1
-242.7,93.1,79
-242.6,93.2,79.1
-242.6,93.3,79.1
-242.4,93.5,79.1
-242.3,93.6,79.1
-242.2,93.8,79.1
-242,94,79.1
-241.9,94.2,79.1
-241.7,94.4,79.2
-241.6,94.5,79.1
-241.6,94.7,79
-241.4,94.8,79.1
-241.3,94.9,79.1
-241.1,95.1,79.1
-241,95.2,79.1
-240.8,95.3,79.2
-240.8,95.4,79.1
-240.6,95.5,79.2
-240.5,95.5,79.2
-240.4,95.6,79.1
-240.4,95.7,79.1
-240.2,95.7,79.2
-240.2,95.8,79.2
-240.1,95.8,79.2
-240.1,95.7,79.2
-240.2,95.6,79.1
-240.1,95.6,79.2
-240.1,95.5,79.2
-240.2,95.3,79.2
-240.3,95.2,79.2
-240.4,95.1,79.1
-240.5,94.9,79.2
-240.6,94.9,79.1
-240.6,94.9,79.2
-240.8,94.8,79.1
-240.9,94.8,79.1
-241.1,94.8,79.1
-241.1,94.7,79.1
-241.2,94.7,79.1
-241.3,94.8,79.2
-241.4,94.7,79.1
-241.5,94.7,79.1
-241.5,94.7,79.2
-241.6,94.6,79.1
-241.7,94.6,79.1
-241.7,94.6,79.1
-241.7,94.7,79.1
-241.8,94.7,79.1
-241.9,94.7,79.1
-241.9,94.8,79.1
-241.9,94.8,79.1
-241.9,94.9,79.1
-242,94.9,79.1
-242,94.9,79.1
-242,94.9,79.1
-242,94.9,79
-242,94.8,79.1
-242,94.8,79.1
-242,94.7,79.1
-242,94.5,79.1
-242,94.4,79.1
-242.1,94.3,79.1
-242.1,94.2,79.1
-242.2,94.1,79.1
-242.1,94.2,79.1
-242.1,94.2,79.1
-242.2,94.2,79
-242.2,94.3,79
-242.2,94.3,79
-242.2,94.4,79
-242.2,94.4,79
-242.2,94.5,79
-242.2,94.6,79
-242.2,94.7,79
-242.1,94.9,79
-242.1,95,79
-242,95.3,79
-241.9,95.5,79
-241.9,95.6,79
-241.7,95.8,79
-241.6,95.9,79
-241.5,96.1,79
-241.4,96.2,78.9
-241.2,96.3,79
-241.1,96.4,79
-241,96.6,79
-240.8,96.7,79
-240.7,96.8,79
-240.5,97,79
-240.3,97,79.1
-240.2,97.1,79
-240.1,97.1,79
-239.9,97.1,79
-239.8,97,79
-239.8,96.8,79
-239.7,96.7,79
-239.7,96.5,79.1
-239.7,96.3,79.1
-239.7,96.1,79
-239.7,95.8,79.1
-239.9,95.5,79.1
-240,95.2,79
-240.1,94.9,79.1
-240.3,94.5,79
-240.4,94.1,79.1
-240.6,93.8,79.1
-240.8,93.4,79
-240.9,93.2,79
-241.1,92.9,79.1
-241.4,92.6,79
-241.7,92.4,79
-241.8,92.2,79
-242,92,79
-242.3,91.9,78.9
-242.4,91.9,79
-242.6,91.8,79
-242.8,91.7,79
-243,91.8,79
-243.2,91.8,78.9
-243.4,91.8,78.9
-243.6,91.7,78.9
-243.9,91.8,78.9
-244.1,91.7,78.9
-244.4,91.8,78.8
-244.5,91.8,78.8
-244.8,91.8,78.8
-245.1,91.9,78.8
-245.3,91.9,78.8
-245.5,91.9,78.8
-245.7,92,78.8
-246,92,78.8
-246.1,92,78.8
-246.4,92,78.7
-246.6,92,78.7
-246.8,92.1,78.7
-246.9,92.1,78.7
-247.1,92.2,78.7
-247.2,92.3,78.6
-247.2,92.5,78.6
-247.3,92.6,78.6
-247.2,92.8,78.7
-247.2,92.9,78.7
-247.3,93.1,78.6
-247.2,93.2,78.6
-247.2,93.3,78.6
-247.1,93.4,78.7
-246.9,93.6,78.8
-246.7,93.8,78.8
-246.5,94.1,78.7
-246,94.4,78.9
-245.7,94.7,78.9
-245.3,95,78.9
-244.9,95.4,78.9
-244.4,95.7,79
-244,95.9,79
-243.6,96.1,79
-243.3,96.3,79.1
-243,96.5,79.1
-242.8,96.7,79
-242.5,97,79.1
-242.3,97.3,79.1
-242,97.8,79
-241.8,98.1,79
-241.4,98.5,79
-241.1,99,79
-240.8,99.4,79
-240.4,99.8,79
-240.1,100.2,79
-239.8,100.6,79
-239.5,100.9,79
-239.2,101.2,79
-238.8,101.3,79
-238.6,101.3,79
-238.6,101.2,78.9
-238.6,101,78.9
-238.6,100.7,78.9
-238.8,100.3,78.9
-239,100,78.9
-239.2,99.5,78.8
-239.3,99.2,78.8
-239.4,98.8,78.9
-239.4,98.4,78.9
-239.5,97.8,79
-239.5,97.3,79
-239.5,96.7,79.1
-239.6,96.1,79.1
-239.6,95.6,79.1
-239.7,95.1,79.1
-239.8,94.6,79.1
-240,94.3,79.1
-240.2,94,79.1
-240.3,93.8,79.1
-240.5,93.7,79.1
-240.7,93.5,79.1
-240.8,93.3,79.2
-241,93.1,79.2
-241.2,93,79.2
-241.4,92.9,79.2
-241.8,92.7,79.2
-242.1,92.7,79.2
-242.5,92.6,79.2
-242.9,92.6,79.1
-243.3,92.7,79.1
-243.5,92.8,79.1
-243.7,92.9,79.1
-243.8,93,79
-243.7,92.9,79.1
-243.6,92.9,79.1
-243.5,92.8,79.1
-243.3,92.6,79.2
-243.2,92.5,79.2
-243.1,92.2,79.2
-243,92,79.2
-242.9,91.8,79.2
-242.8,91.6,79.2
-242.8,91.3,79.2
-242.8,91.1,79.2
-242.9,90.9,79.2
-243,90.8,79.1
-243.2,90.7,79.1
-243.5,90.6,79.1
-243.8,90.6,79
-244.2,90.6,79
-244.8,90.8,78.9
-245.4,91,78.9
-246,91.3,78.8
-246.8,91.7,78.7
-247.3,92.1,78.7
-248,92.5,78.6
-248.5,92.9,78.6
-249,93.3,78.6
-249.5,93.6,78.5
-249.9,93.9,78.5
-250.5,94,78.3
-250.9,94.2,78.3
-251.2,94.3,78.3
-251.6,94.2,78.2
-251.9,94.1,78.2
-252.1,93.9,78.2
-252.4,93.6,78.1
-252.5,93.2,78.1
-252.6,92.6,78.1
-252.6,92,78.2
-252.6,91.2,78.1
-252.5,90.3,78.2
-252.2,89.3,78.2
-251.9,88.3,78.2
-251.5,87.4,78.2
-251.1,86.6,78.3
-250.5,86,78.3
-250,85.5,78.3
-249.5,85.1,78.3
-248.8,84.9,78.5
-248.3,84.6,78.5
-247.8,84.6,78.6
-247.4,84.6,78.7
-246.9,84.6,78.7
-246.7,84.7,78.7
-246.4,84.7,78.8
-246.5,84.7,78.8
-246.6,84.7,78.7
-246.9,84.8,78.7
-247.2,85,78.7
-247.6,85.4,78.6
-248.1,85.8,78.6
-248.6,86.5,78.5
-249.2,87.4,78.5
-249.7,88.4,78.5
-250,89.2,78.6
-250.4,89.9,78.5
-250.5,90.5,78.5
-250.6,91,78.4
-250.6,91.3,78.5
-250.6,91.7,78.4
-250.6,92.1,78.4
-250.5,92.6,78.4
-250.4,93,78.4
-250.2,93.6,78.4
-250,94.1,78.4
-249.6,94.6,78.4
-249.2,95,78.4
-248.7,95.4,78.5
-248.1,95.6,78.6
-247.5,95.8,78.7
-247,95.9,78.6
-246.5,96,78.7
-246.3,96.1,78.6
-246.2,96.3,78.6
-246.3,96.5,78.6
-246.6,96.8,78.5
-247,97.1,78.5
-247.5,97.3,78.4
-247.8,97.5,78.5
-248.3,97.6,78.4
-248.7,97.6,78.3
-249.1,97.6,78.3
-249.5,97.5,78.2
-249.9,97.5,78.2
-250.2,97.6,78.1
-250.7,97.9,78
-251,98.4,78
-251.5,98.9,77.8
-251.8,99.4,77.8
-252.1,100.1,77.6
-252.2,100.6,77.5
-252.1,101,77.5
-251.9,101.5,77.5
-251.4,101.9,77.5
-250.8,102.3,77.6
-250.2,102.6,77.6
-249.5,103.1,77.7
-248.7,103.8,77.7
-248,104.5,77.7
-247.8,105.2,77.6
-247.6,106,77.5
-247.7,106.7,77.4
-247.8,107.4,77.3
-248,108,77.1
-247.9,108.4,77.1
-248,108.7,77.1
-248,108.8,77.1
-248,108.6,77.1
-248.2,108.2,77.1
-248.5,107.7,77.2
-248.9,107,77.2
-249.4,106.3,77.3
-250.1,105.6,77.3
-250.9,104.9,77.2
-251.8,104.2,77.2
-252.6,103.6,77.2
-253.2,103.2,77.1
-253.8,102.7,77
-254.1,102.1,77.2
-254.3,101.7,77.1
-254.4,101.1,77.2
-254.3,100.6,77.3
-254.3,100.1,77.4
-254.3,99.6,77.4
-254.3,99.2,77.5
-254.2,98.9,77.6
-254.2,98.6,77.5
-254.2,98.4,77.6
-254.1,98.2,77.6
-253.9,98.1,77.6
-253.6,98.1,77.6
-253.3,98.1,77.7
-252.9,98.3,77.7
-252.6,98.5,77.7
-252.2,98.7,77.8
-252.1,98.8,77.8
-252.1,98.9,77.8
-252.1,98.9,77.8
-252.2,98.8,77.8
-252.4,98.5,77.8
-252.5,98.3,77.8
-252.6,97.9,77.8
-252.8,97.4,77.8
-253,97,77.7
-253.2,96.6,77.7
-253.3,96.5,77.7
-253.4,96.5,77.7
-253.5,96.6,77.7
-253.7,96.8,77.7
-253.7,97.1,77.6
-253.6,97.5,77.6
-253.5,97.8,77.6
-253.3,98.2,77.6
-253,98.7,77.6
-252.6,99.2,77.6
-252.1,99.8,77.6
-251.8,100.4,77.6
-251.5,101,77.6
-251.4,101.5,77.5
-251.4,102,77.5
-251.4,102.4,77.5
-251.4,102.8,77.5
-251.4,103,77.4
-251.4,103.1,77.4
-251.4,103,77.4
-251.4,102.9,77.4
-251.5,102.7,77.4
-251.6,102.5,77.4
-251.9,102.2,77.4
-252.1,101.9,77.4
-252.4,101.7,77.4
-252.7,101.5,77.4
-253,101.3,77.4
-253.5,100.9,77.3
-253.7,100.7,77.3
-253.8,100.5,77.2
-253.7,100.1,77.4
-253.6,99.9,77.3
-253.3,99.7,77.4
-253,99.5,77.4
-252.6,99.5,77.5
-252.3,99.4,77.6
-251.9,99.5,77.7
-251.7,99.6,77.7
-251.4,99.8,77.7
-251.3,99.9,77.7
-251.2,100.2,77.7
-251,100.5,77.7
-250.7,100.7,77.7
-250.4,100.9,77.7
-250,101,77.7
-249.6,100.9,77.8
-249.2,100.7,77.9
-248.9,100.5,77.9
-248.6,100.1,78
-248.3,99.7,78.1
-248.2,99.3,78.1
-248.1,98.9,78.2
-248.2,98.2,78.2
-248.3,97.6,78.2
-248.4,97,78.3
-248.5,96.1,78.3
-248.5,95.4,78.4
-248.5,94.8,78.4
-248.5,94.3,78.4
-248.6,93.9,78.3
-248.8,93.6,78.3
-248.9,93.6,78.3
-249.2,93.5,78.2
-249.5,93.6,78.2
-249.9,93.8,78.1
-250.1,94,78.2
-250.4,94.2,78.1
-250.6,94.4,78.1
-250.7,94.5,78.1
-250.8,94.4,78.1
-250.8,94.4,78
-250.8,94.2,78.1
-250.7,94.1,78.1
-250.7,94,78.1
-250.6,93.9,78.1
-250.6,93.9,78.1
-250.6,93.9,78.1
-250.6,93.9,78.1
-250.6,93.9,78.1
-250.7,94,78
-250.7,94,78
-250.8,93.9,78
-250.8,93.9,78
-250.9,93.6,78
-250.9,93.4,78
-250.8,93.2,78.1
-250.9,93,78
-251,93,77.9
-251,93.2,78
-251.1,93.4,78
-251.2,93.6,77.9
-251.4,94,77.9
-251.7,94.3,77.8
-251.9,94.9,77.7
-252.2,95.5,77.7
-252.3,96.1,77.7
-252.5,96.7,77.6
-252.6,97.5,77.5
-252.7,98.2,77.5
-252.8,99,77.4
-252.9,99.7,77.3
-253.1,100.3,77.2
-253.1,100.8,77.2
-253.2,101.2,77.1
-253.3,101.4,77.1
-253.3,101.4,77.1
-253.2,101.2,77.2
-253.2,101,77.2
-253.1,100.7,77.3
-253.1,100.2,77.3
-253.2,99.8,77.3
-253.2,99.3,77.4
-253.2,98.7,77.4
-253.2,98,77.5
-253.3,97.4,77.5
-253.3,96.7,77.6
-253.3,96,77.6
-253.2,95.4,77.6
-253.2,94.9,77.6
-253.1,94.4,77.7
-252.9,94,77.8
-252.9,93.7,77.7
-252.9,93.6,77.7
-252.9,93.5,77.7
-253,93.6,77.7
-253,93.7,77.7
-253,93.9,77.7
-253.1,94,77.7
-253.1,94.1,77.7
-253.1,94.2,77.7
-253.1,94.3,77.7
-253,94.4,77.7
-253,94.4,77.7
-253,94.4,77.7
-253,94.5,77.7
-253.1,94.5,77.7
-253.1,94.5,77.7
-253.2,94.5,77.7
-253.3,94.4,77.7
-253.4,94.3,77.7
-253.5,93.9,77.7
-253.6,93.5,77.6
-253.5,93.1,77.7
-253.5,92.7,77.7
-253.5,92.2,77.7
-253.5,91.9,77.6
-253.5,91.6,77.7
-253.6,91.4,77.6
-253.6,91.2,77.7
-253.7,90.9,77.7
-253.7,90.8,77.7
-253.7,90.7,77.7
-253.7,90.6,77.7
-253.6,90.5,77.7
-253.5,90.6,77.7
-253.3,90.7,77.7
-253,90.8,77.8
-252.8,90.9,77.8
-252.6,91,77.9
-252.5,91,77.9
-252.3,90.9,77.9
-252.3,90.8,77.9
-252.3,90.8,77.9
-252.3,90.6,77.9
-252.3,90.5,77.9
-252.3,90.4,77.9
-252.3,90.1,77.9
-252.3,89.9,77.9
-252.3,89.7,77.8
-252.2,89.4,77.9
-252,89.2,78
-251.9,88.9,78
-251.9,88.6,77.9
-252,88.4,77.9
-251.9,88.2,77.9
-252,88,77.9
-252,87.9,77.9
-252.1,87.8,77.8
-252.1,87.7,77.9
-252.1,87.6,77.9
-252.1,87.5,77.9
-252.1,87.4,77.8
-251.9,87.3,77.9
-251.8,87.2,77.8
-251.7,87.2,77.9
-251.6,87.2,77.9
-251.6,87.2,77.9
-251.5,87.3,78
-251.6,87.5,77.9
-251.6,87.6,77.9
-251.7,87.7,77.9
-251.7,87.8,77.9
-251.6,87.8,78
-251.6,87.8,78
-251.5,87.8,78
-251.4,87.7,78
-251.3,87.6,78
-251.1,87.4,78
-250.9,87.1,78.1
-250.9,86.8,78
-250.8,86.5,78
-250.8,86.3,78
-250.6,86,78.1
-250.5,85.6,78
-250.4,85.3,78
-250.1,84.9,78
-249.8,84.6,78.2
-249.6,84.3,78.1
-249.5,84.1,78
-249.1,83.9,78.1
-248.9,83.7,78.1
-248.8,83.6,78.2
-248.7,83.4,78.1
-248.7,83.3,78
-248.6,83.2,78.1
-248.5,83.2,78.1
-248.5,83.2,78.2
-248.5,83.3,78.1
-248.6,83.4,78.1
-248.5,83.6,78.2
-248.5,83.7,78.2
-248.6,83.8,78.1
-248.7,84,78.1
-248.8,84.1,78.1
-248.8,84.2,78.1
-248.9,84.5,78.2
-249,84.8,78.1
-249.2,85.2,78.1
-249.3,85.7,78
-249.3,86.2,78.1
-249.3,86.8,78.1
-249.2,87.3,78.2
-249.2,87.9,78.2
-249.2,88.3,78.2
-249.3,88.8,78.2
-249.4,89.2,78.1
-249.6,89.7,78
-249.4,90.1,78.2
-249.5,90.3,78.1
-249.3,90.6,78.1
-249.1,90.8,78.2
-249,90.8,78.2
-248.7,90.7,78.1
-248.5,90.6,78.2
-248.1,90.3,78.2
-247.8,90,78.3
-247.3,89.7,78.4
-247.1,89,78.5
-246.8,87.8,78.4
-246.3,86.9,78.4
-245.9,86,78.3
-245.3,85.2,78.5
-245,84.8,78.4
-244.7,84.4,78.4
-244.4,84.3,78.4
-244.3,84.2,78.4
-244.2,84.3,78.4
-244,84.3,78.5
-244,84.4,78.5
-244,84.5,78.5
-244.1,84.7,78.5
-244.3,84.9,78.5
-244.6,85,78.5
-245,85.3,78.5
-245.4,85.6,78.4
-245.8,86,78.4
-246.2,86.5,78.4
-246.5,86.9,78.5
-246.8,87.4,78.4
-247,87.6,78.4
-247.1,87.9,78.4
-247.1,88,78.5
-247.3,88.2,78.4
-247.4,88.4,78.4
-247.4,88.8,78.4
-247.5,89.1,78.3
-247.5,89.3,78.3
-247.5,89.6,78.4
-247.4,89.8,78.4
-247.3,90,78.4
-247.2,90.2,78.4
-247.1,90.3,78.4
-247,90.4,78.4
-246.9,90.4,78.4
-246.9,90.4,78.4
-247.1,90.4,78.3
-247.1,90.4,78.3
-247.1,90.3,78.4
-247.1,90.2,78.4
-247.1,90.2,78.4
-247.1,90.1,78.4
-247.1,90,78.4
-247,90,78.4
-246.9,89.9,78.4
-246.9,89.9,78.4
-246.9,90,78.4
-246.9,90,78.4
-246.9,90.1,78.4
-247,90.1,78.4
-247,90.2,78.4
-246.9,90.2,78.4
-246.9,90.2,78.4
-246.9,90.3,78.4
-246.8,90.3,78.4
-246.8,90.2,78.4
-246.8,90.2,78.4
-246.7,90.2,78.4
-246.7,90.1,78.4
-246.7,90.1,78.4
-246.7,90.1,78.4
-246.8,90,78.4
-246.9,90,78.4
-247,90,78.4
-247,90,78.3
-247,90,78.4
-247,90,78.4
-247,90,78.4
-246.8,90,78.4
-246.8,90,78.4
-246.7,90,78.4
-246.5,90,78.5
-246.5,89.9,78.5
-246.5,89.9,78.4
-246.6,89.9,78.4
-246.6,89.9,78.4
-246.6,89.9,78.5
-246.6,89.9,78.4
-246.6,89.9,78.4
-246.7,89.9,78.4
-246.7,89.9,78.4
-246.8,89.9,78.4
-246.8,89.9,78.4
-246.9,89.9,78.4
-247,89.8,78.4
-247.1,89.8,78.4
-247.2,89.8,78.3
-247.2,89.9,78.3
-247.2,90.1,78.4
-247.2,90.2,78.4
-247.2,90.3,78.4
-247.2,90.5,78.4
-247.3,90.8,78.4
-247.4,91,78.3
-247.4,91.3,78.3
-247.5,91.6,78.3
-247.6,91.8,78.3
-247.6,92,78.3
-247.7,92.1,78.3
-247.7,92.3,78.3
-247.8,92.4,78.3
-247.8,92.4,78.3
-247.9,92.5,78.2
-247.9,92.5,78.3
-247.9,92.5,78.3
-247.9,92.5,78.2
-247.9,92.4,78.2
-247.9,92.3,78.3
-247.9,92.3,78.2
-247.9,92.2,78.2
-247.9,92.1,78.2
-247.9,92,78.2
-248,91.9,78.2
-247.9,91.9,78.3
-248,91.9,78.2
-247.9,91.8,78.3
-247.9,91.7,78.2
-247.9,91.6,78.3
-247.9,91.6,78.3
-248,91.5,78.3
-248,91.6,78.3
-248,91.6,78.3
-248,91.5,78.3
-248,91.6,78.3
-248,91.5,78.3
-248,91.5,78.2
-247.9,91.4,78.3
-247.9,91.4,78.3
-247.9,91.4,78.3
-247.9,91.4,78.3
-247.9,91.5,78.3
-248,91.5,78.3
-248,91.5,78.2
-248.1,91.6,78.2
-248.1,91.6,78.2
-248.1,91.7,78.2
-248,91.7,78.3
-248,91.7,78.3
-248,91.6,78.2
-248,91.6,78.3
-248,91.5,78.3
-248,91.5,78.3
-248,91.4,78.3
-248,91.2,78.3
-248,91.1,78.3
-248,91,78.3
-248.1,91,78.3
-248.1,90.9,78.3
-248.1,90.8,78.3
-248.1,90.8,78.3
-248.1,90.7,78.3
-248.1,90.5,78.2
-248,90.5,78.3
-247.9,90.4,78.3
-248,90.3,78.3
-248,90.3,78.3
-248,90.2,78.3
-248,90.1,78.2
-247.9,90.1,78.3
-248,90.1,78.3
-248,90.1,78.3
-247.9,90.2,78.3
-247.9,90.2,78.3
-247.9,90.3,78.3
-247.9,90.4,78.3
-247.9,90.4,78.3
-247.9,90.5,78.3
-247.9,90.6,78.3
-247.9,90.6,78.3
-247.9,90.7,78.3
-248,90.7,78.3
-248,90.7,78.3
-248,90.7,78.3
-248.1,90.7,78.3
-248.1,90.7,78.3
-248.1,90.6,78.3
-248.1,90.6,78.3
-248.1,90.6,78.3
-248.1,90.6,78.3
-248,90.6,78.3
-248,90.6,78.3
-248,90.6,78.3
-247.9,90.6,78.3
-247.8,90.6,78.3
-247.9,90.5,78.3
-247.8,90.4,78.3
-247.8,90.3,78.4
-247.7,90.2,78.4
-247.7,90.1,78.3
-247.7,90,78.3
-247.7,89.9,78.3
-247.8,89.8,78.3
-247.8,89.8,78.3
-247.7,89.6,78.3
-247.7,89.5,78.3
-247.7,89.4,78.3
-247.6,89.3,78.4
-247.6,89.3,78.3
-247.6,89.3,78.3
-247.6,89.3,78.3
-247.7,89.3,78.3
-247.7,89.3,78.3
-247.8,89.4,78.3
-247.8,89.4,78.4
-247.8,89.5,78.3
-247.8,89.6,78.3
-247.9,89.7,78.3
-247.9,89.7,78.3
-247.8,89.8,78.3
-247.8,89.9,78.3
-247.8,89.9,78.3
-247.8,90,78.3
-247.8,90,78.3
-247.8,90,78.3
-247.8,90,78.3
-247.8,90,78.3
-247.8,90,78.3
-247.8,90,78.3
-247.8,90,78.3
-247.8,90,78.3
-247.8,90,78.3
-247.7,89.9,78.3
-247.7,89.9,78.3
-247.8,89.8,78.3
-247.8,89.8,78.3
-247.8,89.7,78.3
-247.8,89.6,78.3
-247.8,89.6,78.3
-247.9,89.5,78.3
-247.9,89.5,78.3
-247.9,89.5,78.3
-247.9,89.5,78.3
-247.9,89.5,78.3
-247.8,89.6,78.3
-247.9,89.6,78.3
-247.9,89.6,78.3
-247.8,89.6,78.3
-247.8,89.5,78.3
-247.8,89.5,78.3
-247.8,89.5,78.3
-247.8,89.5,78.3
-247.8,89.5,78.3
-247.8,89.4,78.3
-247.8,89.4,78.3
-247.8,89.4,78.3
-247.8,89.4,78.3
-247.8,89.4,78.3
-247.8,89.3,78.3
-247.8,89.3,78.3
-247.8,89.3,78.3
-247.8,89.3,78.3
-247.7,89.2,78.3
-247.7,89.1,78.3
-247.7,89,78.3
-247.6,88.9,78.3
-247.7,88.9,78.2
-247.7,88.8,78.3
-247.7,88.8,78.3
-247.6,88.7,78.3
-247.7,88.7,78.3
-247.7,88.7,78.3
-247.7,88.7,78.3
-247.7,88.7,78.3
-247.8,88.7,78.2
-247.7,88.7,78.3
-247.7,88.7,78.3
-247.7,88.8,78.3
-247.7,88.8,78.3
-247.6,88.8,78.3
-247.7,88.8,78.3
-247.7,88.8,78.3
-247.7,88.9,78.3
-247.7,88.9,78.3
-247.8,88.9,78.3
-247.7,88.9,78.3
-247.7,88.9,78.3
-247.7,88.9,78.3
-247.7,88.9,78.3
-247.7,88.8,78.3
-247.7,88.8,78.3
-247.7,88.7,78.3
-247.7,88.7,78.3
-247.7,88.7,78.3
-247.7,88.7,78.3
-247.8,88.7,78.3
-247.8,88.7,78.3
-247.8,88.8,78.3
-247.8,88.8,78.3
-247.8,88.8,78.3
-247.8,88.9,78.3
-247.8,88.9,78.3
-247.7,88.9,78.3
-247.7,88.9,78.3
-247.7,88.9,78.3
-247.7,88.8,78.3
-247.7,88.8,78.3
-247.6,88.7,78.3
-247.6,88.7,78.3
-247.6,88.6,78.3
-247.5,88.6,78.3
-247.5,88.6,78.3
-247.5,88.6,78.3
-247.5,88.6,78.3
-247.5,88.7,78.3
-247.5,88.7,78.3
-247.6,88.7,78.3
-247.6,88.8,78.3
-247.6,88.8,78.3
-247.6,88.8,78.3
-247.6,88.8,78.3
-247.6,88.8,78.3
-247.7,88.8,78.3
-247.7,88.8,78.3
-247.8,88.8,78.2
-247.8,88.8,78.3
-247.9,88.8,78.3
-247.9,88.8,78.2
-247.9,88.8,78.3
-248,88.9,78.3
-248.1,89,78.3
-248.2,89.2,78.3
-248.3,89.3,78.2
-248.3,89.4,78.3
-248.4,89.5,78.2
-248.3,89.5,78.3
-248.4,89.5,78.2
-248.4,89.5,78.2
-248.4,89.4,78.2
-248.3,89.3,78.2
-248.2,89.2,78.2
-248.2,89.1,78.2
-248.1,89,78.3
-248,88.9,78.3
-247.9,88.8,78.3
-247.8,88.7,78.3
-247.8,88.6,78.3
-247.7,88.5,78.3
-247.6,88.5,78.3
-247.6,88.5,78.3
-247.7,88.4,78.3
-247.7,88.5,78.3
-247.8,88.5,78.3
-247.9,88.6,78.3
-248,88.6,78.3
-248.1,88.7,78.3
-248.2,88.7,78.2
-248.3,88.7,78.2
-248.4,88.7,78.3
-248.4,88.8,78.3
-248.5,88.8,78.2
-248.5,88.8,78.2
-248.6,88.8,78.2
-248.5,88.8,78.2
-248.5,88.8,78.2
-248.4,88.8,78.2
-248.2,88.7,78.3
-248.1,88.7,78.3
-248,88.6,78.4
-247.9,88.5,78.3
-247.9,88.4,78.3
-247.8,88.3,78.3
-247.8,88.3,78.3
-247.7,88.3,78.4
-247.8,88.3,78.3
-247.8,88.4,78.3
-247.8,88.4,78.3
-247.9,88.5,78.3
-248,88.7,78.3
-248.1,88.8,78.3
-248.3,88.9,78.2
-248.4,89.1,78.2
-248.5,89.2,78.2
-248.6,89.4,78.3
-248.7,89.6,78.2
-248.7,89.7,78.2
-248.7,89.8,78.2
-248.7,89.9,78.2
-248.6,90,78.2
-248.5,90.1,78.2
-248.5,90.1,78.2
-248.5,90.1,78.2
-248.5,90.1,78.2
-248.5,90,78.2
-248.5,90,78.2
-248.6,89.9,78.2
-248.6,89.9,78.2
-248.6,89.9,78.2
-248.7,89.8,78.2
-248.8,89.8,78.2
-248.8,89.8,78.2
-248.8,89.8,78.2
-248.8,89.8,78.1
-248.8,89.8,78.2
-248.7,89.9,78.2
-248.7,89.9,78.2
-248.7,90,78.2
-248.7,90,78.2
-248.7,90.1,78.2
-248.8,90.2,78.2
-248.9,90.2,78.2
-249,90.3,78.2
-249,90.3,78.2
-249,90.4,78.2
-248.9,90.5,78.2
-249,90.5,78.2
-248.9,90.4,78.2
-248.9,90.4,78.1
-248.8,90.2,78.2
-248.7,90.1,78.2
-248.7,90.1,78.2
-248.7,90,78.2
-248.8,90,78.2
-248.8,90,78.2
-248.8,90.1,78.2
-248.9,90.2,78.2
-248.9,90.2,78.2
-248.9,90.2,78.2
-248.9,90.2,78.2
-249,90.2,78.2
-249,90.2,78.1
-249,90.1,78.2
-249.1,90,78.2
-249.2,89.8,78.2
-249.2,89.6,78.2
-249.3,89.5,78.2
-249.3,89.5,78.1
-249.3,89.4,78.1
-249.3,89.4,78.2
-249.3,89.5,78.1
-249.2,89.5,78.1
-249.1,89.6,78.2
-249.1,89.7,78.2
-249.1,89.8,78.2
-249.2,89.8,78.2
-249.2,89.8,78.2
-249.3,89.8,78.2
-249.3,89.8,78.2
-249.4,89.8,78.2
-249.5,89.9,78.1
-249.6,90.2,78.1
-249.6,90.3,78.2
-249.7,90.6,78.1
-249.7,90.8,78.1
-249.7,90.9,78.2
-249.9,90.9,78.1
-249.9,91,78.1
-250,90.9,78.1
-250,90.8,78.2
-250,90.7,78.2
-250,90.6,78.2
-250,90.4,78.2
-250,90.3,78.2
-250,90.2,78.2
-249.9,90.1,78.2
-249.8,89.9,78.2
-249.7,89.8,78.2
-249.6,89.7,78.3
-249.6,89.5,78.3
-249.6,89.5,78.3
-249.7,89.5,78.2
-249.6,89.4,78.2
-249.6,89.4,78.2
-249.6,89.3,78.2
-249.6,89.3,78.3
-249.7,89.2,78.2
-249.7,89.2,78.2
-249.6,89.3,78.3
-249.6,89.3,78.3
-249.6,89.3,78.2
-249.7,89.4,78.2
-249.7,89.4,78.2
-249.7,89.4,78.2
-249.7,89.5,78.2
-249.8,89.5,78.2
-249.8,89.6,78.2
-249.8,89.7,78.2
-249.8,89.8,78.2
-249.8,89.9,78.2
-249.8,90,78.2
-249.8,90.1,78.2
-249.9,90.1,78.2
-249.8,90.1,78.2
-249.9,90.1,78.2
-249.8,90.1,78.3
-249.9,90,78.3
-249.9,90,78.2
-249.9,89.9,78.2
-250,89.9,78.2
-249.9,89.8,78.2
-249.9,89.8,78.2
-249.9,89.8,78.2
-249.9,89.8,78.3
-249.9,89.8,78.2
-249.9,89.8,78.2
-249.9,89.9,78.2
-249.9,89.9,78.2
-249.9,89.9,78.2
-250,90,78.2
-250.1,90.1,78.2
-250.3,90.1,78.1
-250.4,90.2,78.1
-250.4,90.3,78.2
-250.4,90.3,78.2
-250.5,90.4,78.2
-250.6,90.4,78.1
-250.6,90.5,78.1
-250.6,90.6,78.1
-250.6,90.6,78.1
-250.5,90.6,78.2
-250.5,90.7,78.2
-250.6,90.7,78.1
-250.5,90.7,78.2
-250.5,90.6,78.1
-250.5,90.6,78.1
-250.6,90.5,78.1
-250.6,90.5,78.1
-250.6,90.5,78.1
-250.6,90.4,78.2
-250.6,90.4,78.1
-250.6,90.4,78.1
-250.7,90.4,78.1
-250.7,90.4,78.1
-250.8,90.4,78.1
-250.8,90.5,78.2
-250.8,90.5,78.1
-250.9,90.5,78.1
-250.8,90.5,78.1
-250.9,90.5,78.1
-250.9,90.4,78.1
-250.9,90.4,78.1
-250.9,90.4,78.1
-250.8,90.4,78.1
-250.8,90.3,78.1
-250.8,90.3,78.1
-250.8,90.3,78.1
-250.8,90.4,78.1
-250.8,90.4,78.1
-250.8,90.5,78.1
-250.9,90.5,78.1
-250.9,90.6,78
-250.9,90.7,78.1
-250.9,90.7,78.1
-250.8,90.9,78.1
-250.8,90.9,78.1
-250.9,91,78.1
-250.9,91.1,78
-250.9,91.2,78.1
-250.8,91.2,78.1
-250.9,91.2,78.1
-250.9,91.2,78.1
-250.9,91.2,78.1
-250.9,91.1,78.1
-250.9,91.1,78.1
-251,91.1,78.1
-251,91,78.1
-251,91,78.1
-251,91,78.1
-251.1,90.8,78.1
-251,90.8,78.1
-251,90.7,78.1
-250.9,90.5,78.1
-250.8,90.4,78.1
-250.8,90.2,78.1
-250.7,90,78.2
-250.8,90,78.1
-250.8,89.9,78.1
-250.7,89.9,78.1
-250.6,89.9,78.2
-250.7,89.9,78.2
-250.7,89.8,78.1
-250.7,89.8,78.2
-250.7,89.8,78.2
-250.8,89.8,78.1
-250.8,89.8,78.1
-250.8,89.8,78.1
-250.9,89.8,78.1
-250.9,89.7,78.1
-250.9,89.7,78.1
-250.9,89.7,78.1
-250.9,89.7,78.1
-250.9,89.7,78.1
-250.8,89.7,78.1
-250.8,89.7,78.1
-250.7,89.7,78.1
-250.7,89.6,78.2
-250.7,89.6,78.1
-250.7,89.6,78.1
-250.6,89.5,78.1
-250.7,89.5,78.1
-250.7,89.4,78.1
-250.7,89.4,78.1
-250.7,89.4,78.1
-250.7,89.3,78.1
-250.7,89.3,78.2
-250.7,89.3,78.1
-250.7,89.3,78.1
-250.7,89.4,78.1
-250.7,89.3,78.1
-250.7,89.3,78.1
-250.8,89.3,78.1
-250.8,89.3,78.1
-250.8,89.2,78.1
-250.9,89.2,78.1
-250.9,89.1,78.1
-251,89.1,78.1
-251,89,78
-251.1,89,78.1
-251.1,89,78.1
-251.1,89,78.1
-251.1,89.1,78
-251.2,89.1,78.1
-251.2,89.2,78.1
-251.2,89.3,78
-251.3,89.3,78
-251.3,89.4,78
-251.4,89.4,78
-251.4,89.4,78.1
-251.5,89.5,78
-251.5,89.5,78
-251.5,89.5,78
-251.5,89.5,78
-251.5,89.5,78
-251.5,89.5,78
-251.5,89.5,78
-251.5,89.5,78
-251.5,89.5,78
-251.4,89.6,78.1
-251.5,89.6,78
-251.4,89.6,78
-251.5,89.6,78
-251.5,89.6,78
-251.5,89.6,78
-251.5,89.6,78
-251.5,89.6,78
-251.5,89.6,78
-251.5,89.6,78
-251.5,89.6,78
-251.5,89.6,78
-251.5,89.6,78
-251.5,89.6,78
-251.5,89.6,78
-251.5,89.6,78
-251.5,89.6,78
-251.4,89.7,78
-251.4,89.7,78
-251.4,89.7,78
-251.4,89.7,78
-251.4,89.6,78
-251.3,89.6,78
-251.3,89.6,78
-251.4,89.5,78
-251.4,89.5,78
-251.4,89.5,78
-251.4,89.5,78
-251.4,89.4,78
-251.5,89.4,78
-251.5,89.5,78
-251.6,89.5,78
-251.6,89.5,78
-251.6,89.6,78
-251.6,89.6,78
-251.6,89.6,78
-251.6,89.6,78
-251.6,89.6,78
-251.5,89.6,78
-251.6,89.6,78
-251.5,89.6,78
-251.5,89.6,78
-251.5,89.6,78
-251.5,89.6,78
-251.5,89.6,78
-251.5,89.6,78
-251.5,89.7,78
-251.5,89.7,78
-251.5,89.7,78
-251.5,89.7,78
-251.5,89.7,78
-251.5,89.7,78
-251.4,89.8,78
-251.5,89.9,78
-251.5,90,78
-251.5,90.1,78
-251.5,90.3,78
-251.6,90.4,78
-251.6,90.5,78
-251.7,90.6,78
-251.7,90.7,78
-251.8,90.7,78
-251.9,90.7,77.9
-252,90.7,77.9
-252,90.6,77.9
-252,90.5,77.9
-252,90.3,77.9
-251.9,90.2,77.9
-251.9,90.1,77.9
-251.9,89.9,78
-251.9,89.8,77.9
-251.8,89.7,78
-251.8,89.6,77.9
-251.8,89.6,77.9
-251.9,89.5,77.9
-251.8,89.4,78
-251.9,89.4,77.9
-251.9,89.4,77.9
-251.9,89.4,78
-251.9,89.3,77.9
-251.9,89.4,77.9
-251.9,89.4,78
-251.8,89.4,78
-251.9,89.4,77.9
-251.9,89.5,77.9
-251.8,89.5,77.9
-251.8,89.6,78
-251.8,89.7,78
-251.7,89.7,78
-251.8,89.9,77.9
-251.8,90.1,77.9
-251.7,90.2,78
-251.7,90.2,77.9
-251.7,90.3,77.9
-251.8,90.4,77.9
-251.7,90.4,78
-251.8,90.5,77.9
-251.8,90.5,77.9
-251.8,90.5,77.9
-251.8,90.5,77.9
-251.8,90.5,77.9
-251.8,90.4,78
-251.8,90.4,77.9
-251.8,90.3,77.9
-251.7,90.3,77.9
-251.7,90.3,77.9
-251.7,90.3,77.9
-251.7,90.3,77.9
-251.7,90.3,77.9
-251.6,90.2,78
-251.7,90.2,77.9
-251.7,90.2,77.9
-251.7,90.1,77.9
-251.7,90.1,77.9
-251.7,90.1,78
-251.7,90,78
-251.7,90,78
-251.8,90,77.9
-251.8,90,77.9
-251.8,90,77.9
-251.8,90,77.9
-251.8,90,78
-251.8,89.9,78
-251.8,89.9,78
-251.8,89.9,77.9
-251.8,89.9,77.9
-251.8,89.8,77.9
-251.8,89.8,77.9
-251.8,89.8,77.9
-251.8,89.7,77.9
-251.8,89.7,77.9
-251.8,89.7,77.9
-251.8,89.7,77.9
-251.8,89.7,77.9
-251.8,89.7,77.9
-251.8,89.7,77.9
-251.8,89.7,77.9
-251.7,89.7,77.9
-251.7,89.7,78
-251.7,89.6,78
-251.7,89.6,78
-251.6,89.6,78
-251.6,89.6,78
-251.5,89.5,78
-251.4,89.6,78
