-233.4,94.7,70.4
-234.1,94,70.6
-234.8,93.3,70.7
-235.6,92.7,70.8
-236.4,92,70.9
-237.2,91.3,71
-238.2,90.3,71.1
-239.1,89.3,71.3
-240.1,88.2,71.3
-241.1,87,71.4
-242,85.8,71.5
-242.9,84.6,71.5
-243.8,83.5,71.6
-244.6,82.4,71.6
-245.5,81.3,71.6
-246.4,80.4,71.6
-247.3,79.6,71.5
-248.2,78.8,71.4
-249.2,78.2,71.3
-250,77.7,71.2
-250.9,77.1,71.2
-251.7,76.7,71.1
-252.6,76.3,71
-253.5,76,70.8
-254.4,75.7,70.7
-255.2,75.4,70.6
-256.1,75.2,70.4
-256.9,74.9,70.3
-257.8,74.7,70.2
-258.6,74.5,70
-259.4,74.3,69.9
-260.2,74.2,69.7
-260.9,74.1,69.6
-261.7,74.1,69.4
-262.5,74.2,69.3
-263.3,74.4,69.1
-264.1,74.5,68.9
-264.8,74.9,68.8
-265.6,75.2,68.6
-266.4,75.5,68.4
-267.2,75.9,68.2
-267.9,76.2,68
-268.7,76.5,67.8
-269.3,76.9,67.7
-270.1,77.3,67.5
-270.8,77.7,67.3
-271.6,78.1,67.1
-272.2,78.6,66.9
-272.9,79.1,66.7
-273.7,79.6,66.4
-274.3,80.2,66.2
-275,80.7,66
-275.7,81.3,65.7
-276.3,81.9,65.5
-276.8,82.6,65.3
-277.4,83.1,65.1
-278,83.7,64.8
-278.5,84.2,64.6
-279,84.8,64.4
-279.5,85.4,64.2
-280,86,64
-280.4,86.6,63.7
-280.8,87.2,63.5
-281.2,87.8,63.3
-281.5,88.4,63.2
-281.7,89,63.1
-282,89.8,62.9
-282.3,90.5,62.6
-282.6,91.3,62.4
-282.8,92.2,62.2
-283,93.3,61.9
-283.2,94.3,61.7
-283.4,95.5,61.4
-283.5,96.8,61.2
-283.6,98,61
-283.6,99.2,60.7
-283.6,100.6,60.4
-283.5,102,60.2
-283.4,103.4,59.8
-283.2,104.9,59.6
-282.9,106.4,59.3
-282.5,108.1,59
-282,109.8,58.7
-281.6,111.5,58.2
-280.9,113.2,58
-280.3,114.7,57.7
-279.7,116,57.4
-279,117.3,57.2
-278.2,118.4,57.1
-277.4,119.3,57
-276.6,120.3,57
-275.8,121.2,56.9
-274.9,121.9,56.8
-273.9,122.6,56.9
-272.9,123.4,56.9
-271.8,124.1,56.9
-270.8,124.8,56.9
-269.6,125.5,56.9
-268.5,126.2,56.9
-267.3,126.9,57
-266,127.5,57.1
-264.8,128,57
-263.5,128.4,57.1
-262.2,128.7,57.3
-260.9,129,57.5
-259.6,129.3,57.5
-258.1,129.5,57.8
-256.7,129.6,57.9
-255.1,129.8,58.2
-253.6,129.8,58.3
-252,129.7,58.6
-250.5,129.4,58.9
-249,129.1,59.2
-247.4,128.6,59.6
-245.9,128.1,59.9
-244.4,127.5,60.3
-242.9,127,60.6
-241.5,126.4,60.9
-240.2,125.8,61.2
-238.8,125.3,61.5
-237.6,124.7,61.7
-236.4,124.1,62
-235.4,123.3,62.3
-234.3,122.5,62.6
-233.4,121.6,62.9
-232.5,120.4,63.3
-231.7,119.2,63.7
-231.1,117.8,64.1
-230.4,116.3,64.7
-229.8,114.8,65.2
-229.2,113.2,65.7
-228.8,111.7,66.1
-228.3,110.1,66.5
-227.9,108.5,67
-227.6,106.8,67.3
-227.2,105.1,67.7
-226.9,103.5,68.2
-226.8,101.7,68.5
-226.6,100,68.8
-226.5,98.2,69.1
-226.4,96.4,69.5
-226.3,94.5,69.8
-226.4,92.6,70
-226.4,90.7,70.3
-226.6,88.9,70.5
-226.7,87.1,70.7
-226.9,85.4,70.9
-227.2,83.8,71
-227.4,82.2,71.1
-227.8,80.7,71.2
-228.2,79.3,71.2
-228.6,78,71.2
-229,76.6,71.3
-229.5,75.3,71.3
-229.9,74,71.3
-230.5,72.7,71.2
-230.9,71.4,71.3
-231.5,70.2,71.2
-232.1,68.9,71.2
-232.6,67.7,71.1
-233.3,66.4,71
-233.9,65.1,70.9
-234.7,63.9,70.7
-235.5,62.6,70.5
-236.2,61.2,70.4
-237.1,59.8,70.2
-237.9,58.5,70
-238.7,57.2,69.8
-239.6,56,69.5
-240.5,54.8,69.3
-241.4,53.5,69
-242.4,52.4,68.7
-243.3,51.2,68.4
-244.3,50.1,68
-245.3,49,67.7
-246.3,47.9,67.4
-247.3,46.9,67
-248.3,46,66.7
-249.3,45.1,66.4
-250.4,44.4,66
-251.5,43.7,65.7
-252.6,43.2,65.3
-253.7,42.8,65.1
-254.9,42.4,64.8
-256,42.1,64.5
-257.2,41.9,64.3
-258.3,41.7,64.1
-259.5,41.6,63.8
-260.8,41.6,63.4
-262,41.7,63.2
-263.1,41.8,63.1
-264.3,42,62.9
-265.6,42.3,62.6
-266.9,42.7,62.4
-268.2,43,62.1
-269.5,43.3,61.8
-270.7,43.6,61.6
-271.9,44,61.3
-273.1,44.3,61.1
-274.3,44.6,60.8
-275.5,44.9,60.5
-276.6,45.3,60.2
-277.7,45.6,59.9
-278.8,46,59.6
-279.9,46.4,59.3
-280.9,46.9,59.1
-281.9,47.4,58.8
-283,47.9,58.4
-284,48.4,58.2
-284.9,48.8,57.9
-286,49.3,57.5
-286.9,49.9,57.3
-287.8,50.5,57
-288.8,51.2,56.7
-289.6,52,56.5
-290.6,52.7,56.2
-291.5,53.6,56
-292.5,54.5,55.6
-293.3,55.4,55.5
-294.1,56.3,55.2
-294.9,57.2,54.9
-295.7,58.2,54.7
-296.5,59.1,54.4
-297.3,60,54.1
-298,61,53.8
-298.6,62,53.7
-299.3,63.1,53.5
-299.9,64.1,53.2
-300.5,65.2,53
-301.1,66.3,52.8
-301.7,67.4,52.5
-302.4,68.5,52.2
-302.8,69.7,52
-303.3,70.8,51.8
-303.8,72,51.6
-304.3,73.2,51.3
-304.7,74.5,51.1
-305.1,75.8,50.8
-305.5,77.1,50.5
-305.8,78.3,50.5
-306.1,79.7,50.2
-306.4,81,50
-306.7,82.4,49.6
-306.9,83.8,49.4
-307.2,85.2,49.2
-307.2,86.6,49.1
-307.4,88,48.8
-307.6,89.4,48.5
-307.8,90.9,48.1
-307.8,92.4,47.9
-307.9,94,47.6
-308,95.5,47.3
-308,97,46.9
-308,98.6,46.6
-308,100.1,46.2
-307.9,101.7,45.9
-307.6,103.3,45.7
-307.4,105,45.4
-307.1,106.6,45.1
-306.7,108.3,44.8
-306.2,110.1,44.6
-305.7,111.9,44.3
-305.1,114,44
-304.5,115.9,43.6
-303.9,117.9,43.3
-303.2,119.7,42.9
-302.4,121.5,42.6
-301.7,123,42.4
-300.9,124.3,42.2
-300.2,125.4,42.1
-299.3,126.6,42.1
-298.5,127.5,42.1
-297.7,128.4,42.1
-296.8,129.2,42.3
-295.9,130,42.4
-295,130.7,42.6
-294.1,131.6,42.7
-293.3,132.2,42.8
-292.4,132.8,42.8
-291.4,133.5,43.1
-290.4,134,43.3
-289.3,134.5,43.6
-288.2,135,43.9
-287,135.6,44.2
-285.8,135.9,44.6
-284.6,136.3,44.9
-283.2,136.8,45.4
-281.8,137.2,45.7
-280.3,137.6,46.2
-278.9,138,46.5
-277.3,138.4,46.9
-275.7,138.8,47.4
-274,139.2,47.7
-272.3,139.5,48.2
-270.5,139.8,48.6
-268.8,139.9,49
-266.9,140.1,49.5
-265.1,140.3,49.9
-263.3,140.4,50.4
-261.4,140.5,50.8
-259.7,140.5,51.1
-257.8,140.4,51.6
-256.2,140.3,51.9
-254.4,140,52.3
-252.7,139.7,52.8
-251,139.3,53.3
-249.2,138.7,53.9
-247.6,138.1,54.3
-245.9,137.4,54.9
-244.2,136.6,55.5
-242.6,135.7,56
-241,134.9,56.6
-239.6,134.1,56.9
-238.1,133.3,57.4
-236.6,132.4,57.9
-235.2,131.4,58.3
-233.7,130.4,58.9
-232.5,129.3,59.3
-231.2,128.1,59.7
-229.9,126.8,60.3
-228.6,125.4,60.9
-227.4,124,61.4
-226.3,122.5,61.9
-225.2,121.1,62.4
-224.2,119.6,62.8
-223.2,118.1,63.3
-222.3,116.6,63.7
-221.5,115.1,64.1
-220.8,113.7,64.4
-220.1,112.3,64.7
-219.4,110.9,65.1
-218.8,109.3,65.4
-218.2,107.7,65.8
-217.7,106.1,66.1
-217.2,104.5,66.4
-216.7,102.9,66.7
-216.2,101.2,66.9
-215.8,99.6,67.2
-215.4,98,67.4
-215,96.3,67.6
-214.6,94.7,67.8
-214.3,93.1,67.9
-214,91.6,68.1
-213.7,90.1,68.2
-213.4,88.6,68.3
-213.1,87.3,68.3
-212.7,86,68.4
-212.4,84.8,68.4
-212.1,83.6,68.4
-211.8,82.5,68.4
-211.6,81.4,68.3
-211.4,80.3,68.3
-211.3,79.2,68.3
-211.2,78.1,68.3
-211.1,77,68.3
-211.1,76,68.2
-211.1,74.8,68.2
-211.1,73.8,68.2
-211.2,72.7,68.2
-211.3,71.7,68.1
-211.5,70.6,68.1
-211.6,69.6,68.1
-211.9,68.5,68
-212.1,67.5,68
-212.4,66.5,68
-212.8,65.5,68
-213.2,64.5,67.9
-213.6,63.5,67.9
-214,62.7,67.9
-214.5,61.8,67.9
-215.1,61,67.9
-215.6,60.2,67.9
-216.2,59.4,67.8
-216.8,58.6,67.8
-217.4,57.8,67.7
-218,57,67.8
-218.7,56.4,67.7
-219.4,55.7,67.7
-220.1,55.2,67.7
-220.9,54.6,67.8
-221.7,54.2,67.7
-222.5,53.7,67.8
-223.4,53.3,67.8
-224.3,52.9,67.8
-225.1,52.5,67.9
-226,52.1,67.9
-226.9,51.7,67.9
-227.8,51.4,67.9
-228.8,51,67.9
-229.8,50.5,67.9
-230.8,50.1,67.8
-231.9,49.6,67.7
-233,49.1,67.7
-234,48.6,67.5
-235.1,48.1,67.5
-236.1,47.6,67.4
-237.2,47.1,67.3
-238.4,46.5,67.1
-239.6,46,66.9
-240.6,45.5,66.8
-241.8,45,66.6
-242.9,44.6,66.4
-244,44.1,66.3
-245.2,43.7,66
-246.3,43.4,65.8
-247.4,43.2,65.7
-248.5,42.9,65.5
-249.6,42.7,65.3
-250.7,42.6,65.2
-251.7,42.5,65.1
-252.8,42.5,64.9
-253.9,42.4,64.7
-254.9,42.4,64.5
-255.8,42.3,64.4
-256.7,42.3,64.3
-257.6,42.4,64.1
-258.5,42.6,64
-259.3,42.8,63.9
-260.2,42.9,63.8
-261,43.1,63.7
-261.8,43.3,63.6
-262.6,43.6,63.5
-263.4,43.9,63.4
-264.1,44.3,63.4
-264.9,44.7,63.3
-265.7,45.2,63.3
-266.4,45.6,63.2
-267.2,46.1,63.2
-268,46.7,63.1
-268.7,47.2,63.2
-269.4,47.9,63.1
-270.3,48.6,63
-271,49.4,63.1
-271.8,50.3,63
-272.6,51.1,63
-273.4,52,63.1
-274.2,52.9,63
-275,53.8,63
-275.8,54.7,62.9
-276.7,55.6,62.7
-277.4,56.4,62.7
-278.2,57.3,62.5
-279,58,62.4
-279.8,58.9,62.3
-280.5,59.6,62.1
-281.2,60.4,62
-281.9,61.2,61.8
-282.5,62,61.7
-283.2,62.8,61.6
-284,63.6,61.3
-284.5,64.5,61.3
-285.3,65.3,61
-285.9,66.2,60.8
-286.6,66.9,60.6
-287.2,67.7,60.4
-287.8,68.4,60.2
-288.5,69.1,59.9
-289,69.8,59.7
-289.6,70.4,59.5
-290.2,71.1,59.3
-290.8,71.9,59
-291.3,72.7,58.9
-291.9,73.6,58.6
-292.6,74.5,58.2
-293.1,75.7,58.1
-293.7,76.7,57.8
-294.4,77.7,57.4
-295.1,78.7,57
-295.7,79.4,56.8
-296.3,80.1,56.4
-297,80.7,56
-297.7,81.1,55.5
-298.4,81.6,55.1
-299.1,81.9,54.7
-299.8,82.5,54.2
-300.5,83,53.7
-301.3,83.5,53.2
-302.1,84.1,52.6
-302.8,84.8,52.1
-303.6,85.4,51.6
-304.3,86.1,51.1
-305.1,86.7,50.4
-305.8,87.1,50
-306.4,87.4,49.5
-307.2,87.7,48.9
-307.8,87.9,48.4
-308.5,88,47.9
-309.1,88.1,47.4
-309.7,88.3,46.9
-310.3,88.4,46.4
-310.8,88.7,46
-311.4,89,45.5
-312,89.4,45
-312.6,89.7,44.4
-313.3,90.2,43.8
-313.8,90.7,43.3
-314.4,91.2,42.8
-314.9,91.8,42.3
-315.4,92.3,41.7
-315.9,92.7,41.2
-316.3,93.3,40.7
-316.8,93.7,40.3
-317.2,94.2,39.8
-317.6,94.7,39.3
-317.9,95.2,38.9
-318.1,95.7,38.7
-318.4,96.1,38.3
-318.6,96.5,37.9
-318.8,97,37.8
-318.9,97.4,37.5
-319.1,97.9,37.2
-319.4,98.3,36.8
-319.5,98.8,36.6
-319.6,99.4,36.4
-319.7,99.8,36.1
-319.8,100.5,35.9
-319.8,101,35.7
-319.8,101.7,35.5
-319.8,102.4,35.3
-319.8,103,35.2
-319.7,103.7,34.9
-319.7,104.4,34.8
-319.6,105.2,34.7
-319.5,105.9,34.5
-319.3,106.7,34.4
-319.1,107.5,34.4
-318.9,108.3,34.2
-318.8,109.1,34
-318.5,110.1,33.9
-318.2,111.1,33.9
-317.8,112.1,33.8
-317.4,113.2,33.7
-317.1,114.3,33.5
-316.6,115.5,33.4
-316.2,116.6,33.3
-315.7,117.9,33.2
-315.1,119.1,33.1
-314.5,120.3,33
-313.9,121.5,32.9
-313.1,122.8,32.9
-312.4,123.9,33
-311.6,125.1,33
-310.9,126.1,33
-310.1,127.2,33
-309.2,128.4,33.2
-308.4,129.4,33.2
-307.5,130.5,33.2
-306.6,131.6,33.3
-305.6,132.7,33.4
-304.6,133.8,33.4
-303.6,134.9,33.5
-302.6,135.8,33.6
-301.6,136.6,33.8
-300.5,137.5,33.9
-299.4,138.2,34.2
-298.2,138.8,34.6
-297.1,139.5,35
-295.9,140,35.4
-294.7,140.6,35.9
-293.5,141,36.3
-292.4,141.4,36.7
-291.1,141.9,37.1
-289.9,142.3,37.5
-288.6,142.8,37.9
-287.2,143.2,38.4
-285.7,143.6,39
-284.3,144,39.6
-282.8,144.3,40
-281.3,144.4,40.6
-279.8,144.6,41.2
-278.2,144.8,41.8
-276.6,145,42.4
-274.9,145.1,43
-273.4,145.2,43.5
-271.7,145.4,44
-269.9,145.4,44.7
-268.3,145.4,45.1
-266.7,145.4,45.6
-264.9,145.3,46.3
-263.3,145.1,46.9
-261.7,144.9,47.4
-260,144.7,48
-258.3,144.5,48.6
-256.7,144.2,49.1
-255.2,144,49.5
-253.7,143.9,49.8
-252.1,143.8,50.1
-250.6,143.9,50.3
-249.2,144,50.2
-247.6,144.3,50.2
-246.2,144.7,50.1
-244.8,145,49.9
-243.5,145.4,49.7
-242.2,145.6,49.6
-241,145.7,49.6
-240,145.6,49.5
-238.8,145.3,49.7
-237.6,145,50
-236.5,144.4,50.5
-235.5,143.7,50.9
-234.4,143,51.4
-233.6,142.2,51.8
-232.6,141.5,52.2
-231.8,140.9,52.6
-230.9,140.1,53.1
-230.2,139.4,53.5
-229.4,138.6,53.9
-228.8,137.6,54.4
-228.1,136.7,54.8
-227.4,135.7,55.4
-226.8,134.6,55.9
-226.2,133.6,56.5
-225.7,132.5,56.9
-225.2,131.5,57.5
-224.8,130.4,57.9
-224.4,129.4,58.4
-224,128.3,58.9
-223.7,127.3,59.3
-223.5,126.1,59.8
-223.2,125.1,60.3
-223,124,60.8
-222.9,122.8,61.2
-222.8,121.6,61.8
-222.8,120.4,62.2
-222.8,119.1,62.8
-222.9,117.9,63.3
-223,116.6,63.7
-223.1,115.4,64.2
-223.2,114.1,64.6
-223.3,113,65.1
-223.5,111.8,65.4
-223.7,110.6,65.9
-223.9,109.3,66.3
-224.1,108.1,66.7
-224.4,106.9,67
-224.7,105.8,67.4
-225.1,104.9,67.7
-225.5,104.1,67.9
-225.9,103.3,68.2
-226.4,102.7,68.3
-226.9,102.2,68.5
-227.4,101.8,68.6
-227.9,101.3,68.7
-228.4,101,68.8
-228.8,100.5,69
-229.4,100,69.1
-229.9,99.4,69.3
-230.4,98.6,69.5
-230.9,98,69.7
-231.6,97.1,69.8
-232.3,96.4,70
-233,95.6,70.2
-233.8,94.9,70.3
-234.5,94.1,70.5
-235.3,93.4,70.6
-236.1,92.6,70.7
-236.9,91.9,70.8
-237.8,91,70.9
-238.6,90.1,71.1
-239.5,89,71.2
-240.5,87.8,71.2
-241.4,86.5,71.4
-242.3,85.3,71.4
-243.1,84.1,71.5
-243.9,82.8,71.6
-244.7,81.7,71.5
-245.5,80.5,71.6
-246.3,79.5,71.5
-247.1,78.7,71.5
-247.9,77.8,71.4
-248.6,77.1,71.3
-249.3,76.4,71.3
-250.1,75.8,71.3
-250.8,75.2,71.2
-251.5,74.7,71
-252.1,74.1,70.9
-252.6,73.6,70.8
-253.2,73.1,70.7
-253.7,72.7,70.5
-254.1,72.3,70.6
-254.6,72.1,70.4
-255.1,71.9,70.3
-255.5,71.8,70.3
-255.9,71.8,70.3
-256.3,71.9,70.3
-256.7,71.9,70.1
-257.1,72.1,70.1
-257.4,72.3,70.1
-257.7,72.6,70.1
-257.9,72.9,70
-258.2,73.3,70
-258.4,73.8,70
-258.6,74.3,70
-258.8,75,69.9
-259,75.6,70
-259.2,76.2,69.9
-259.4,76.7,69.8
-259.6,77.3,69.8
-259.7,77.7,69.9
-259.8,78.2,69.8
-260,78.7,69.8
-260.1,79,69.8
-260.2,79.4,69.7
-260.3,79.8,69.7
-260.4,80.2,69.7
-260.4,80.6,69.7
-260.4,80.9,69.6
-260.5,81.2,69.6
-260.4,81.5,69.7
-260.3,81.8,69.6
-260.2,82,69.7
-260.1,82,69.7
-260,82.1,69.7
-259.9,82.1,69.7
-259.8,82,69.8
-259.7,82,69.8
-259.5,81.9,69.8
-259.4,81.7,69.8
-259.2,81.5,69.9
-259,81.4,69.9
-258.7,81.1,70
-258.5,80.9,70
-258.2,80.7,70.1
-258,80.4,70.1
-257.8,80.2,70.1
-257.6,80.1,70.2
-257.4,79.9,70.2
-257.3,79.6,70.2
-257.1,79.4,70.3
-256.9,79.3,70.3
-256.9,79.1,70.3
-256.7,78.9,70.3
-256.5,78.8,70.4
-256.4,78.7,70.4
-256.3,78.8,70.4
-256.1,78.9,70.4
-255.9,78.9,70.5
-255.7,79,70.5
-255.5,79.2,70.5
-255.2,79.3,70.6
-254.9,79.5,70.6
-254.6,79.7,70.7
-254.3,79.8,70.8
-254.1,80,70.7
-253.8,80.1,70.8
-253.6,80.2,70.8
-253.3,80.2,70.8
-253.1,80.4,70.8
-252.8,80.4,70.9
-252.6,80.5,71
-252.4,80.6,70.9
-252.1,80.8,71
-252,80.9,71
-251.8,81,71
-251.6,81.2,71.1
-251.5,81.2,71
-251.3,81.3,71.1
-251.2,81.5,71
-251.1,81.5,71.1
-251.1,81.6,71.1
-251.1,81.6,71.1
-251.2,81.6,71.1
-251.3,81.7,71
-251.3,81.7,71
-251.4,81.8,71.1
-251.5,81.8,71
-251.5,81.8,71
-251.6,81.9,71
-251.7,81.8,71
-251.7,81.9,71
-251.9,82,70.9
-252,82.2,71
-252.2,82.6,70.9
-252.3,83,70.8
-252.5,83.3,70.9
-252.7,83.6,70.8
-253,83.8,70.7
-253.2,84.1,70.7
-253.4,84.2,70.7
-253.5,84.3,70.7
-253.6,84.5,70.7
-253.7,84.7,70.6
-253.8,84.9,70.6
-253.9,85.2,70.5
-253.8,85.5,70.6
-253.8,85.6,70.6
-253.8,85.8,70.6
-253.9,85.8,70.5
-253.9,85.8,70.5
-254,85.7,70.5
-254.1,85.7,70.5
-254.2,85.6,70.5
-254.2,85.5,70.5
-254.3,85.4,70.5
-254.2,85.2,70.5
-254.1,85.2,70.5
-254,85.2,70.5
-253.8,85.2,70.6
-253.6,85.3,70.6
-253.2,85.5,70.6
-252.7,85.8,70.7
-252.3,86,70.7
-251.8,86.3,70.7
-251.5,86.5,70.7
-251.1,86.7,70.8
-250.8,86.9,70.8
-250.5,87,70.8
-250.2,87.2,70.8
-249.9,87.4,70.9
-249.7,87.6,70.9
-249.6,87.8,70.9
-249.6,88,70.8
-249.6,88.2,70.8
-249.7,88.3,70.7
-249.7,88.5,70.8
-249.9,88.6,70.7
-250,88.8,70.7
-250.2,89,70.7
-250.3,89.1,70.7
-250.4,89.3,70.6
-250.5,89.5,70.6
-250.6,89.8,70.6
-250.6,90.2,70.5
-250.6,90.5,70.5
-250.5,91,70.4
-250.4,91.5,70.4
-250.3,92,70.4
-250.1,92.6,70.3
-250,93.1,70.2
-249.7,93.7,70.2
-249.6,94.4,70.1
-249.4,94.9,70
-249.1,95.5,70
-248.9,96,69.9
-248.6,96.6,69.8
-248.3,97.1,69.8
-248.1,97.5,69.7
-247.9,97.9,69.7
-247.7,98.2,69.6
-247.6,98.3,69.6
-247.4,98.4,69.7
-247.5,98.4,69.6
-247.5,98.3,69.6
-247.6,98,69.6
-247.8,97.8,69.7
-248.1,97.4,69.7
-248.3,97,69.8
-248.7,96.6,69.8
-249.1,96.3,69.8
-249.5,95.8,69.9
-249.9,95.5,69.9
-250.2,95.2,69.9
-250.4,95,69.9
-250.5,94.8,69.9
-250.5,94.6,70
-250.6,94.4,70
-250.6,94.1,70
-250.6,93.9,70
-250.6,93.7,70
-250.6,93.4,70.1
-250.6,92.9,70.2
-250.5,92.5,70.2
-250.5,92.1,70.3
-250.5,91.5,70.4
-250.6,90.9,70.4
-250.5,90.3,70.5
-250.6,89.7,70.5
-250.5,89.2,70.6
-250.5,88.8,70.7
-250.4,88.5,70.7
-250.3,88.4,70.8
-250.2,88.3,70.7
-250,88.2,70.8
-249.8,88.1,70.9
-249.6,87.9,70.9
-249.3,87.8,70.9
-249,87.7,70.9
-248.6,87.6,71
-248,87.6,71
-247.4,87.6,71
-246.7,87.6,71.1
-246,87.7,71.2
-245.3,87.7,71.2
-244.5,87.7,71.2
-243.7,87.8,71.3
-242.9,87.7,71.3
-242.1,87.8,71.3
-241.3,87.7,71.4
-240.6,87.6,71.4
-239.9,87.3,71.4
-239.3,86.9,71.4
-238.7,86.3,71.5
-238.2,85.9,71.5
-237.9,85.5,71.5
-237.6,85.3,71.6
-237.6,85.1,71.6
-237.7,85,71.5
-237.8,84.8,71.6
-238,84.6,71.6
-238.3,84.3,71.6
-238.5,84.1,71.6
-238.7,83.8,71.6
-238.9,83.7,71.6
-238.9,83.7,71.6
-239,83.7,71.6
-239,83.7,71.6
-239,83.8,71.6
-239.1,83.9,71.6
-239.2,83.9,71.6
-239.4,84.1,71.6
-239.9,84.4,71.6
-240.5,84.8,71.5
-241.1,85,71.5
-241.6,85.2,71.5
-242.1,85.3,71.5
-242.6,85.4,71.5
-243.2,85.4,71.5
-243.7,85.3,71.5
-244.2,85.2,71.5
-244.8,85.1,71.4
-245.4,84.8,71.4
-246,84.6,71.4
-246.6,84.4,71.4
-247.1,84.2,71.3
-247.5,84,71.3
-247.8,83.9,71.3
-248.1,83.8,71.2
-248.3,83.9,71.3
-248.4,83.9,71.3
-248.4,83.9,71.3
-248.4,83.9,71.2
-248.4,83.7,71.2
-248.4,83.5,71.3
-248.4,83.3,71.3
-248.5,83,71.3
-248.6,82.6,71.3
-248.6,82.2,71.3
-248.7,81.7,71.3
-248.6,81.2,71.3
-248.6,80.5,71.3
-248.6,79.8,71.3
-248.6,79.1,71.3
-248.7,78.2,71.3
-248.9,77.3,71.3
-249.1,76.4,71.3
-249.4,75.5,71.3
-249.7,74.5,71.2
-249.9,73.4,71.2
-250.2,72.4,71.1
-250.4,71.6,71
-250.5,70.8,71
-250.6,70.2,70.9
-250.7,69.6,70.8
-250.8,68.9,70.7
-250.9,68.3,70.7
-251.2,67.7,70.6
-251.4,67,70.5
-251.8,66.3,70.3
-252.3,65.6,70.2
-252.9,64.8,70
-253.6,64.1,69.8
-254.2,63.4,69.7
-255,62.6,69.4
-255.7,61.7,69.3
-256.4,60.8,69
-257.2,59.7,68.7
-257.9,58.7,68.4
-258.7,57.6,68
-259.6,56.5,67.6
-260.6,55.4,67.2
-261.5,54.3,66.8
-262.6,53.1,66.3
-263.9,52,65.6
-265.1,50.8,65.1
-266.5,49.5,64.4
-267.9,48.3,63.7
-269.4,47.2,63
-270.7,46.2,62.3
-272,45.3,61.6
-273.2,44.5,60.9
-274.3,43.9,60.4
-275.2,43.5,59.9
-276,43.1,59.5
-276.7,42.7,59.1
-277.2,42.3,58.8
-277.7,42,58.5
-278.1,41.6,58.2
-278.6,41.3,57.9
-279,41.1,57.7
-279.4,41,57.4
-279.8,40.9,57.2
-280.1,40.9,57.1
-280.5,41,56.9
-280.7,41.2,57
-280.8,41.4,56.9
-281,41.7,57
-281.2,42.1,57.1
-281.4,42.5,57.1
-281.7,42.8,57.1
-282,43.2,57.1
-282.6,43.4,56.9
-283.2,43.5,56.7
-284,43.5,56.3
-285,43.5,55.8
-286,43.4,55.3
-287.1,43.3,54.7
-288.2,43.3,54.2
-289.4,43.3,53.5
-290.5,43.2,53
-291.8,43.2,52.2
-293,43.2,51.5
-294.1,43.3,51
-295.4,43.5,50.2
-296.6,43.7,49.6
-297.7,44,49.1
-298.8,44.4,48.5
-300,44.8,47.9
-301,45.3,47.4
-302.1,45.8,46.8
-303.1,46.4,46.3
-304.2,47,45.8
-305.3,47.8,45.2
-306.3,48.5,44.7
-307.3,49.4,44.2
-308.4,50.5,43.8
-309.4,51.6,43.3
-310.4,52.9,42.9
-311.5,54,42.3
-312.5,55.4,41.8
-313.4,56.8,41.4
-314.3,58.2,41.1
-315.3,59.6,40.5
-316.2,60.9,39.9
-317.1,62.2,39.4
-318,63.4,38.7
-318.9,64.7,38.1
-319.8,66.1,37.5
-320.7,67.7,36.8
-321.4,69.4,36.3
-322,71.2,35.9
-322.6,73,35.5
-323.1,74.9,35
-323.6,76.7,34.6
-324.1,78.5,34.1
-324.7,80.4,33.5
-325.1,82.2,33
-325.5,83.8,32.4
-325.9,85.6,31.8
-326.3,87.3,31.3
-326.6,89,30.7
-326.7,90.9,30.2
-326.9,92.6,29.7
-327,94.5,29.3
-327,96.4,28.7
-327.1,98.3,28.2
-327,100.1,27.8
-327,101.7,27.3
-326.9,103.2,26.9
-326.8,104.4,26.6
-326.7,105.5,26.3
-326.4,106.5,26.2
-326.2,107.5,26.2
-325.9,108.4,26.1
-325.5,109.5,26.2
-325,110.7,26.2
-324.5,112.1,26.1
-323.8,113.6,26.2
-322.9,115.3,26.3
-322.1,116.9,26.4
-321,118.6,26.6
-319.9,120.3,26.8
-318.9,121.8,27
-317.7,123.2,27.2
-316.6,124.3,27.7
-315.4,125.4,28
-314.3,126.3,28.3
-313,127.3,28.9
-311.7,128.1,29.4
-310.4,129,29.9
-309.1,130.1,30.5
-307.8,131.2,30.9
-306.3,132.3,31.5
-305.1,133.2,31.9
-303.8,134,32.4
-302.4,134.8,32.9
-301.1,135.3,33.6
-299.8,135.5,34.4
-298.5,135.8,35.2
-297.2,136,36
-295.9,136.2,36.7
-294.5,136.7,37.3
-293.2,137.2,37.9
-291.9,137.7,38.4
-290.5,138.2,38.9
-289.2,138.4,39.6
-287.8,138.6,40.3
-286.5,138.7,41
-285.2,138.6,41.7
-283.7,138.6,42.7
-282.4,138.5,43.3
-281,138.4,44.2
-279.6,138.4,44.8
-278.3,138.5,45.3
-277,138.7,45.7
-275.6,138.7,46.3
-274.2,138.6,46.9
-272.8,138.4,47.7
-271.5,138.1,48.3
-270.2,137.5,49.1
-268.9,137,50
-267.8,136.3,50.8
-266.7,135.6,51.6
-265.8,134.9,52.2
-264.8,134.1,53
-264,133.3,53.7
-263.4,132.2,54.4
-262.7,131.2,55.2
-262.3,129.9,56
-262,128.5,56.7
-262,127.1,57.4
-261.9,125.5,58.1
-261.9,124.1,58.8
-262,122.8,59.4
-261.9,121.6,59.9
-261.9,120.4,60.5
-261.6,119.3,61
-261.3,118.2,61.5
-261,117.2,62
-260.6,116.1,62.5
-260.1,115.2,62.9
-259.7,114.3,63.2
-259.1,113.5,63.6
-258.4,112.7,64
-257.6,112,64.4
-256.6,111.4,64.9
-255.6,110.8,65.2
-254.5,110.2,65.6
-253.5,109.6,65.8
-252.3,109,66.2
-251.2,108.3,66.5
-250.2,107.5,66.8
-249.2,106.6,67.2
-248.3,105.7,67.5
-247.3,104.9,67.8
-246.3,103.9,68.1
-245.4,103.1,68.4
-244.4,102.2,68.7
-243.4,101.4,68.9
-242.4,100.6,69.2
-241.5,99.8,69.4
-240.6,98.9,69.6
-239.7,98,69.8
-238.9,96.9,69.9
-238.1,95.7,70.2
-237.4,94.5,70.3
-236.7,93.3,70.4
-236,92.1,70.6
-235.3,91,70.8
-234.7,90.1,70.9
-234,89.2,71
-233.5,88.4,71
-232.9,87.7,71
-232.4,87,71.1
-231.9,86.4,71.1
-231.4,85.7,71.2
-231.1,85.1,71.2
-230.6,84.4,71.2
-230.3,83.6,71.2
-230.1,82.7,71.3
-229.9,81.8,71.3
-229.7,80.8,71.3
-229.6,79.6,71.3
-229.5,78.3,71.3
-229.5,76.9,71.3
-229.6,75.5,71.3
-229.7,73.9,71.3
-229.9,72.4,71.2
-230.2,70.9,71.2
-230.6,69.4,71.1
-231.1,67.9,70.9
-231.6,66.4,70.9
-232.2,64.8,70.7
-232.9,63.2,70.6
-233.7,61.7,70.4
-234.5,60.1,70.2
-235.5,58.5,69.9
-236.4,56.9,69.6
-237.4,55.3,69.4
-238.5,53.8,69
-239.7,52.1,68.7
-240.9,50.5,68.2
-242.3,48.9,67.8
-243.6,47.3,67.3
-245,45.6,66.7
-246.4,44,66.1
-247.7,42.3,65.4
-249,40.7,64.8
-250.3,39.2,64.1
-251.5,37.8,63.4
-252.6,36.6,62.8
-253.9,35.4,62.1
-255.1,34.2,61.4
-256.3,33.2,60.8
-257.5,32.2,60.1
-258.6,31.3,59.5
-259.7,30.6,59
-260.9,29.9,58.4
-262,29.3,57.8
-263.1,28.8,57.2
-264.1,28.4,56.8
-265.1,28.1,56.4
-266.1,27.8,56
-267.1,27.5,55.5
-268.1,27.3,55.1
-269.2,27.1,54.7
-270.3,26.9,54.3
-271.4,26.7,53.8
-272.6,26.6,53.3
-273.7,26.6,52.8
-274.9,26.5,52.4
-276,26.5,51.9
-277.2,26.6,51.4
-278.4,26.7,51.1
-279.5,27.1,50.8
-280.6,27.4,50.5
-281.7,27.9,50.2
-282.7,28.4,50
-283.7,29,49.8
-284.7,29.7,49.6
-285.5,30.4,49.6
-286.2,31.3,49.7
-286.8,32.2,49.9
-287.4,33.2,50
-287.9,34.3,50.2
-288.4,35.3,50.5
-288.8,36.4,50.8
-289.1,37.6,51.1
-289.5,38.7,51.4
-289.8,39.8,51.6
-290,41,52
-290.3,42.2,52.2
-290.5,43.6,52.7
-290.8,45,53
-291.1,46.5,53.3
-291.3,47.9,53.7
-291.5,49.4,54.1
-291.6,50.8,54.5
-291.8,52.1,54.7
-291.9,53.6,54.9
-292,54.8,55.3
-292.1,56.1,55.5
-292.3,57.4,55.6
-292.3,58.9,55.9
-292.4,60.4,56
-292.4,62.1,56.4
-292.5,64.1,56.6
-292.5,66.2,56.9
-292.4,68.6,57.1
-292.1,71,57.6
-291.8,73.5,57.9
-291.5,76,58.2
-291.1,78.3,58.4
-290.7,80.6,58.6
-290.4,82.6,58.7
-290,84.5,58.9
-289.7,86.2,58.8
-289.3,87.8,59
-288.9,89.4,59
-288.5,90.8,58.9
-288,92.2,59
-287.5,93.6,59.1
-286.9,94.9,59.2
-286.3,96.3,59.2
-285.5,97.6,59.4
-284.6,98.8,59.5
-283.6,99.9,59.7
-282.6,100.9,60
-281.6,101.8,60.2
-280.5,102.6,60.5
-279.4,103.2,60.8
-278.3,103.8,61
-277.1,104.2,61.4
-275.8,104.7,61.7
-274.5,105.2,62.1
-273.2,105.7,62.4
-271.8,106.4,62.7
-270.4,107,63
-268.9,107.8,63.3
-267.5,108.6,63.4
-265.9,109.5,63.6
-264.3,110.2,63.8
-262.8,111,63.9
-261.3,111.5,64.1
-259.8,111.8,64.2
-258.1,112,64.6
-256.6,112,64.8
-255.1,112,65
-253.5,111.9,65.4
-251.9,111.9,65.6
-250.2,111.7,65.9
-248.5,111.7,66.1
-246.9,111.5,66.3
-245.2,111.2,66.5
-243.7,110.8,66.6
-242,110.4,66.9
-240.5,109.6,67.2
-239,108.7,67.4
-237.6,107.6,67.7
-236.1,106.4,68.1
-234.7,105.1,68.4
-233.3,103.8,68.7
-232,102.3,68.9
-230.7,100.8,69.1
-229.6,99.3,69.3
-228.4,97.7,69.5
-227.4,96,69.6
-226.3,94.2,69.9
-225.3,92.3,70.1
-224.5,90.3,70.1
-223.6,88.3,70.2
-222.6,86.2,70.4
-221.8,84,70.3
-220.9,81.8,70.3
-220.2,79.5,70.3
-219.5,77.3,70.2
-218.9,75.1,70.1
-218.4,72.9,70
-218.2,70.7,69.7
-217.9,68.5,69.6
-217.8,66.3,69.4
-217.9,64,69.1
-218,61.7,68.8
-218.3,59.4,68.5
-218.7,57.1,68.1
-219.1,54.8,67.8
-219.7,52.6,67.4
-220.4,50.4,67
-221.2,48.2,66.5
-222.1,46.2,66.1
-223.1,44.2,65.7
-224.3,42.4,65.2
-225.8,40.6,64.8
-227.4,38.8,64.4
-229.2,37,63.8
-231.1,35.1,63.3
-233.1,33.1,62.6
-235.4,31,61.7
-237.8,29,60.8
-240.4,26.9,59.7
-243,24.9,58.6
-245.8,23,57.4
-248.5,21.2,56.1
-251.4,19.4,54.8
-254.3,17.8,53.2
-257.1,16.5,51.8
-259.9,15.5,50.7
-262.4,14.9,49.6
-264.7,14.5,48.7
-266.7,14.4,48
-268.3,14.5,47.5
-269.7,14.8,47.3
-271,15.5,47.2
-272.1,16.3,47.5
-273,17,47.7
-273.8,17.8,47.9
-274.7,18.6,47.9
-275.5,19.5,48.1
-276.2,20.4,48.3
-276.8,21.2,48.7
-277.4,22.1,48.9
-278.1,23.1,49.2
-278.6,23.9,49.5
-279,24.8,49.7
-279.4,25.7,50.1
-279.8,26.5,50.4
-280,27.5,50.8
-280.3,28.4,51.1
-280.6,29.3,51.4
-280.9,30.4,51.8
-281.1,31.5,52.3
-281.5,32.8,52.8
-281.8,34.1,53.3
-282.1,35.5,53.8
-282.4,36.7,54.3
-282.7,38.1,54.7
-283.1,39.5,55
-283.5,40.7,55.4
-284,42,55.6
-284.5,43.4,55.9
-285.2,44.7,56
-286,46.1,56.1
-286.9,47.5,56.1
-287.8,48.9,56.1
-288.8,50.3,56
-290,51.7,55.8
-291.2,53,55.5
-292.5,54.2,55
-294,55.3,54.4
-295.3,56.3,53.9
-296.8,57.3,53.3
-298.3,58.2,52.6
-299.8,59.1,51.7
-301.2,60.2,51
-302.7,61.3,50.2
-304,62.4,49.4
-305.4,63.5,48.7
-306.6,64.8,48
-307.8,66,47.2
-308.9,67.3,46.5
-309.9,68.6,45.9
-310.8,69.9,45.3
-311.5,71.2,44.8
-312.3,72.5,44.3
-312.9,73.9,43.8
-313.3,75.4,43.6
-313.7,76.8,43.3
-314,78.3,42.9
-314.1,79.8,42.9
-314.3,81.3,42.7
-314.3,83,42.6
-314.4,84.7,42.5
-314.3,86.4,42.4
-314.2,88.1,42.4
-314.1,89.9,42.2
-314,91.7,42
-313.9,93.5,41.8
-313.7,95.2,41.7
-313.7,97,41.3
-313.5,98.7,41.1
-313.2,100.4,40.9
-313,102.2,40.6
-312.7,103.9,40.3
-312.3,105.8,40.1
-311.8,107.6,39.9
-311.3,109.6,39.7
-310.6,111.4,39.6
-309.8,113.1,39.6
-308.9,114.9,39.6
-307.9,116.5,39.7
-307,118.2,39.6
-305.9,119.8,39.8
-304.6,121.5,40
-303.4,123,40.1
-302,124.7,40.3
-300.5,126.3,40.5
-298.9,127.9,40.7
-297.3,129.5,40.9
-295.6,131,41.2
-293.7,132.6,41.4
-291.7,134,41.8
-289.7,135.4,42.1
-287.6,136.7,42.4
-285.6,137.9,42.7
-283.4,139,43.1
-281.2,140.1,43.5
-279,141,43.9
-276.9,141.8,44.3
-274.7,142.5,44.6
-272.6,143.3,45
-270.4,144,45.2
-268.3,144.6,45.5
-266.1,145.3,45.7
-263.9,145.9,45.9
-261.8,146.5,46.1
-259.6,147.1,46.2
-257.4,147.5,46.2
-255.2,148,46.3
-253.1,148.4,46.4
-250.9,148.6,46.6
-248.8,148.8,46.7
-246.6,148.9,46.8
-244.5,148.9,46.9
-242.4,149,47
-240.2,148.9,47.1
-237.9,148.8,47.2
-235.6,148.7,47.3
-233.4,148.4,47.4
-231.3,148.2,47.4
-229.1,148.1,47.3
-226.9,147.9,47.2
-224.7,147.7,47.1
-222.5,147.6,46.8
-220.2,147.3,46.5
-217.9,147.1,46.2
-215.6,146.7,45.9
-213.3,146.3,45.6
-211.2,145.8,45.4
-209.3,145.3,45.2
-207.5,144.6,45.2
-205.8,143.8,45.2
-204.2,142.8,45.3
-202.7,141.8,45.5
-201.3,140.6,45.7
-199.9,139.4,45.9
-198.5,138,46.3
-197.2,136.7,46.6
-195.9,135.3,46.9
-194.7,133.8,47.3
-193.6,132.3,47.7
-192.5,130.8,48.1
-191.5,129.3,48.5
-190.6,127.9,48.8
-189.7,126.5,49.1
-188.8,124.9,49.5
-187.9,123.5,49.8
-187.2,121.9,50.1
-186.5,120.3,50.5
-185.9,118.7,50.8
-185.3,117,51.3
-184.8,115.2,51.7
-184.3,113.5,52.2
-183.8,111.6,52.6
-183.4,109.6,53.1
-183.1,107.8,53.5
-182.8,105.9,53.9
-182.6,104.1,54.3
-182.4,102.2,54.7
-182.2,100.4,55.1
-182.1,98.6,55.4
-182,96.8,55.7
-182,95,56
-182,93.2,56.4
-182.1,91.3,56.7
-182.3,89.4,57
-182.5,87.6,57.4
-182.9,85.7,57.8
-183.4,83.9,58.1
-183.9,82.2,58.6
-184.6,80.4,59
-185.4,78.8,59.3
-186.2,77.1,59.8
-187.2,75.4,60.3
-188.4,73.9,60.7
-189.5,72.3,61.3
-190.9,70.7,61.8
-192.4,69.1,62.3
-193.9,67.3,62.7
-195.4,65.6,63.2
-197,63.8,63.6
-198.7,62.2,64
-200.5,60.6,64.3
-202.3,59,64.7
-204.1,57.5,65
-206,56,65.2
-208,54.6,65.5
-210,53.1,65.7
-212,51.7,65.9
-214.3,50.2,66
-216.5,48.8,66
-218.8,47.3,66
-221,45.9,66
-223.2,44.4,65.9
-225.6,43,65.7
-227.9,41.7,65.5
-230.3,40.4,65.3
-232.7,39.1,64.9
-235.2,37.8,64.6
-237.7,36.6,64
-240.2,35.4,63.5
-242.6,34.3,63
-245.1,33.3,62.4
-247.5,32.4,61.8
-249.9,31.6,61.1
-252.2,31,60.6
-254.5,30.4,60
-256.7,29.9,59.3
-258.9,29.5,58.7
-261.1,29.1,58
-263.4,28.7,57.3
-265.5,28.5,56.6
-267.6,28.3,55.9
-269.6,28.3,55.3
-271.5,28.4,54.6
-273.2,28.7,54.2
-274.9,29.1,53.8
-276.5,29.7,53.4
-278,30.3,53.2
-279.5,31,52.8
-280.8,31.5,52.6
-282,32.1,52.3
-283.2,32.6,51.9
-284.1,32.9,51.7
-285.1,33.3,51.5
-285.9,33.8,51.2
-286.8,34.4,51.1
-287.6,35,50.9
-288.4,35.7,50.9
-289.1,36.5,50.8
-289.9,37.6,50.7
-290.6,38.6,50.9
-291.3,39.8,51
-292.1,41.1,51.1
-292.9,42.4,51.2
-293.5,43.9,51.4
-294.3,45.3,51.4
-295,46.8,51.5
-295.7,48.3,51.6
-296.4,49.8,51.6
-297.2,51.2,51.6
-298,52.7,51.4
-298.9,54.2,51.3
-299.8,55.7,51.1
-300.7,57.3,50.7
-301.7,58.8,50.5
-302.7,60.3,50.1
-303.7,61.8,49.7
-304.6,63.3,49.3
-305.5,64.8,48.9
-306.4,66.2,48.4
-307.2,67.7,48
-308.2,69.1,47.3
-308.9,70.4,47
-309.7,71.6,46.5
-310.4,72.8,45.9
-311,73.8,45.6
-311.6,74.9,45.1
-312,76,44.8
-312.4,77,44.4
-312.6,78.1,44.2
-312.8,79.1,44.1
-313,80.3,43.9
-313.1,81.5,43.9
-313.3,82.7,43.6
-313.5,83.9,43.3
-313.6,85.2,43.2
-313.8,86.4,42.8
-313.9,87.7,42.7
-314.1,89.1,42.3
-314.3,90.6,41.9
-314.4,92.2,41.7
-314.5,93.8,41.2
-314.5,95.7,40.9
-314.5,97.2,40.6
-314.4,98.9,40.2
-314.2,100.7,40
-313.9,102.2,39.9
-313.6,103.5,39.8
-313.2,104.7,39.8
-312.7,105.9,39.7
-312.2,106.9,39.9
-311.7,107.6,40
-311.2,108.5,40.1
-310.6,109.4,40.4
-310,110.2,40.6
-309.4,111.1,40.8
-308.7,111.9,40.9
-308.1,112.9,41.2
-307.3,113.8,41.4
-306.6,114.6,41.6
-305.8,115.5,41.9
-304.9,116.4,42.2
-304,117.2,42.5
-303,118.2,42.8
-301.9,119.3,43.1
-300.8,120.4,43.4
-299.7,121.5,43.7
-298.4,122.7,44
-297.3,124,44.1
-296.2,125.3,44
-294.9,126.7,44.1
-293.7,128.1,44.1
-292.4,129.6,44.2
-291.1,131,44
-289.8,132.4,43.9
-288.5,133.7,43.9
-287.3,135,43.7
-286.1,136.2,43.6
-284.8,137.4,43.5
-283.6,138.5,43.4
-282.4,139.5,43.3
-281.2,140.6,43.1
-279.9,141.5,43.1
-278.5,142.5,42.9
-277.1,143.6,42.8
-275.6,144.7,42.6
-274.1,145.9,42.4
-272.4,146.9,42.2
-270.8,148.1,41.9
-269.1,149.1,41.6
-267.3,150.2,41.3
-265.6,151.3,41
-263.9,152.1,40.7
-262.1,153,40.5
-260.4,153.7,40.3
-258.7,154.4,40.1
-257,154.9,40
-255.3,155.4,40
-253.7,155.8,39.9
-252.1,156,40
-250.5,156.3,40
-249.1,156.5,39.9
-247.6,156.6,40
-246.1,156.7,40
-244.6,156.8,40
-243.1,156.9,40
-241.7,157,40
-240.2,156.9,40.1
-238.8,156.8,40.2
-237.3,156.6,40.4
-236,156.4,40.6
-234.7,156.1,40.9
-233.6,155.6,41.2
-232.4,155.1,41.6
-231.3,154.7,42
-230.2,154.1,42.4
-229.3,153.4,42.9
-228.4,152.7,43.3
-227.4,152,43.9
-226.6,151.2,44.5
-225.8,150.4,45
-225,149.5,45.7
-224.4,148.4,46.4
-223.7,147.5,47.1
-223,146.5,47.7
-222.4,145.4,48.4
-221.8,144.3,49.1
-221.2,143.2,49.8
-220.5,142.1,50.4
-219.9,141,51
-219.2,139.9,51.7
-218.6,138.8,52.3
-218.1,137.7,52.9
-217.7,136.5,53.4
-217.2,135.3,54.1
-216.9,134,54.8
-216.8,132.8,55.5
-216.8,131.3,56.3
-217,129.8,57.1
-217.3,128.2,57.9
-217.6,126.5,58.9
-218.1,124.9,59.7
-218.7,123.2,60.6
-219.5,121.5,61.5
-220.3,119.8,62.3
-221.2,118.1,63.1
-222.3,116.5,63.8
-223.4,114.9,64.5
-224.5,113.1,65.3
-225.8,111.4,65.9
-226.9,109.5,66.7
-228.2,107.6,67.3
-229.7,105.8,67.8
-231,103.9,68.4
-232.4,102.1,68.9
-233.8,100.4,69.4
-235.3,98.7,69.7
-236.7,97.3,69.9
-238,95.8,70.2
-239.3,94.4,70.4
-240.7,93.2,70.5
-241.9,92.1,70.7
-243.2,91,70.8
-244.5,90.2,70.8
-245.9,89.6,70.8
-247.2,89.1,70.8
-248.5,88.9,70.7
-249.7,88.8,70.7
-250.8,88.8,70.5
-251.8,89,70.3
-252.6,89.2,70.2
-253.3,89.6,70.1
-253.9,90.1,70
-254.3,90.6,69.9
-254.5,91.3,69.8
-254.6,92,69.7
-254.7,92.7,69.6
-254.6,93.4,69.5
-254.5,94,69.5
-254.3,94.8,69.4
-254.1,95.7,69.3
-253.8,96.7,69.2
-253.6,97.8,69
-253.4,99,68.7
-253.1,100.3,68.6
-252.8,101.6,68.3
-252.4,103,68.1
-252,104.5,67.8
-251.5,106,67.4
-250.9,107.6,67
-250.3,109.1,66.6
-249.5,110.7,66.2
-248.8,112.1,65.9
-248.1,113.4,65.4
-247.2,114.8,65.1
-246.5,115.9,64.7
-245.8,117.1,64.3
-245,118.3,63.9
-244.2,119.4,63.6
-243.4,120.6,63.1
-242.5,121.5,62.7
-241.6,122.7,62.3
-240.8,123.6,61.8
-239.9,124.5,61.5
-239,125.3,61.1
-238,126.1,60.8
-237.1,126.8,60.4
-236.1,127.4,60.1
-235.2,127.8,59.9
-234.4,128.3,59.6
-233.5,128.6,59.5
-232.7,128.8,59.3
-231.9,129,59.3
-231.2,129,59.2
-230.6,129,59.2
-230,128.8,59.3
-229.6,128.6,59.4
-229.2,128.1,59.6
-228.9,127.6,59.8
-228.6,127,60.1
-228.3,126.3,60.4
-228,125.5,60.8
-227.6,124.6,61.2
-227.2,123.5,61.7
-226.7,122.4,62.1
-226.2,121.4,62.5
-225.6,120.3,63
-225.1,119.1,63.3
-224.5,118,63.7
-223.8,116.8,64.1
-223.3,115.5,64.4
-222.7,114.3,64.8
-222.3,112.9,65.1
-221.9,111.4,65.5
-221.5,109.9,65.9
-221.4,108.2,66.3
-221.3,106.4,66.7
-221.2,104.7,67.2
-221.3,102.8,67.6
-221.4,101,68
-221.5,99.1,68.4
-221.7,97.2,68.8
-221.7,95.2,69.1
-221.9,93.1,69.4
-222,90.9,69.7
-222.2,88.7,69.9
-222.4,86.4,70.1
-222.7,84.2,70.3
-223,82.1,70.5
-223.6,79.9,70.6
-224.2,77.8,70.6
-224.9,75.7,70.7
-225.7,73.8,70.7
-226.7,71.8,70.7
-227.6,70,70.7
-228.6,68.2,70.7
-229.7,66.5,70.6
-231,64.9,70.5
-232.1,63.3,70.4
-233.2,61.7,70.2
-234.4,60.2,70
-235.6,58.6,69.8
-236.8,57.1,69.5
-238.1,55.7,69.2
-239.5,54.3,69
-240.9,53.1,68.7
-242.5,51.8,68.4
-244,50.7,68
-245.8,49.6,67.5
-247.5,48.5,67.2
-249.2,47.5,66.8
-251,46.5,66.3
-252.8,45.5,65.7
-254.6,44.4,65.1
-256.3,43.4,64.5
-258,42.3,63.9
-259.8,41.3,63.2
-261.6,40.4,62.5
-263.5,39.6,61.7
-265.4,38.9,60.9
-267.1,38.2,60.3
-268.8,37.8,59.6
-270.5,37.4,59
-272.1,37.2,58.3
-273.5,37,57.8
-274.6,36.9,57.4
-275.7,36.8,57
-276.7,36.7,56.5
-277.5,36.7,56.3
-278.1,36.7,56
-278.7,36.7,55.7
-279.2,36.7,55.6
-279.6,36.6,55.4
-280,36.6,55.2
-280.4,36.5,55
-280.7,36.5,54.9
-281,36.4,54.8
-281.3,36.5,54.7
-281.5,36.5,54.5
-281.6,36.6,54.6
-281.6,36.6,54.6
-281.6,36.6,54.5
-281.5,36.5,54.6
-281.4,36.3,54.6
-281.1,36,54.6
-280.9,35.8,54.6
-280.6,35.3,54.6
-280.3,34.8,54.5
-280,34.2,54.3
-279.7,33.3,54.1
-279.4,32.6,53.9
-279.1,31.8,53.6
-278.7,31.1,53.4
-278.2,30.2,53.1
-277.7,29.4,53
-277,28.5,52.8
-276.3,27.6,52.6
-275.5,26.6,52.4
-274.8,25.5,52
-273.9,24.4,51.8
-273,23.2,51.4
-272.1,22,51
-270.9,20.7,50.7
-269.9,19.3,50.1
-268.8,18.1,49.7
-267.7,17.1,49.4
-266.4,16.4,49.3
-265,16,49.4
-263.5,15.7,49.7
-261.7,15.5,50.1
-260,15.5,50.4
-258.2,15.5,50.8
-256.5,15.5,51.2
-254.8,15.6,51.5
-253.1,15.7,52
-251.5,15.8,52.3
-249.9,15.9,52.6
-248.4,16,52.9
-246.9,16.1,53
-245.4,16.2,53.3
-244,16.4,53.5
-242.6,16.6,53.7
-241.4,16.8,53.9
-240.2,17.2,54.1
-239.1,17.6,54.5
-238.1,18.1,54.8
-237.2,18.7,55.1
-236.3,19.3,55.5
-235.5,20.1,55.8
-234.7,20.8,56.2
-233.9,21.6,56.6
-233,22.5,57.1
-232,23.4,57.5
-231,24.3,58
-230.1,25.4,58.4
-229,26.6,59
-227.9,27.9,59.6
-226.9,29.2,60.1
-225.8,30.6,60.6
-224.7,32.1,61.1
-223.5,33.7,61.7
-222.4,35.3,62.2
-221.2,36.9,62.7
-220,38.6,63.1
-218.7,40.4,63.5
-217.3,42.2,63.9
-216,44,64.2
-214.5,46,64.6
-213.1,48,64.8
-211.6,50.2,65
-210,52.5,65.2
-208.4,54.9,65.4
-206.8,57.4,65.5
-205.2,59.9,65.4
-203.5,62.5,65.4
-201.9,65.2,65.2
-200.3,67.9,65
-198.8,70.5,64.7
-197.3,73.1,64.3
-196,75.6,63.9
-194.7,78,63.4
-193.7,80.4,62.9
-192.6,82.7,62.5
-191.9,84.9,62
-191.2,87.1,61.5
-190.6,89.3,61
-190.3,91.3,60.6
-190.1,93.2,60.3
-190.1,94.8,60
-190.3,96.3,59.8
-190.5,97.6,59.7
-190.9,98.7,59.7
-191.3,99.7,59.7
-191.7,100.7,59.7
-192.2,101.7,59.7
-192.6,102.7,59.6
-193,103.8,59.5
-193.3,104.9,59.4
-193.6,106,59.2
-193.9,107.2,59
-194.2,108.3,58.8
-194.5,109.4,58.6
-194.8,110.4,58.4
-195.2,111.4,58.2
-195.6,112.3,58
-195.9,113,57.9
-196.2,113.8,57.8
-196.5,114.4,57.7
-196.7,114.9,57.6
-197.1,115.3,57.5
-197.3,115.8,57.5
-197.7,116,57.5
-198.1,116.3,57.5
-198.5,116.4,57.6
-198.9,116.3,57.8
-199.3,116.3,58
-199.8,116.3,58.2
-200.3,116.1,58.5
-201,115.9,58.8
-201.6,115.7,59.1
-202.3,115.6,59.4
-203,115.5,59.6
-203.9,115.5,59.9
-204.7,115.4,60.1
-205.6,115.5,60.4
-206.6,115.4,60.7
-207.7,115.3,61.1
-208.8,115,61.4
-210.1,114.6,61.9
-211.4,114,62.4
-212.9,113.4,63
-214.5,112.4,63.7
-216.1,111.3,64.5
-217.9,110,65.3
-219.9,108.4,66.1
-221.9,106.7,66.9
-223.8,104.8,67.7
-225.9,102.7,68.4
-228,100.3,69.1
-230,97.9,69.8
-232,95.3,70.3
-233.9,92.8,70.8
-235.8,90.2,71.1
-237.7,87.6,71.4
-239.4,85,71.6
-241.1,82.4,71.6
-242.7,79.8,71.7
-244.3,77.1,71.5
-245.7,74.5,71.3
-246.9,71.7,71.2
-248.1,68.9,70.8
-249.3,66.2,70.3
-250.4,63.6,69.9
-251.5,61.2,69.5
-252.6,58.9,68.9
-253.6,56.8,68.3
-254.5,55,67.8
-255.2,53.2,67.2
-255.7,51.5,66.7
-256.2,50.1,66.3
-256.4,48.7,65.9
-256.5,47.5,65.5
-256.4,46.4,65.2
-256.2,45.4,64.8
-255.7,44.6,64.7
-255.1,43.9,64.6
-254.4,43.5,64.6
-253.6,43.1,64.6
-252.7,42.9,64.6
-251.8,42.8,64.7
-250.6,42.8,64.9
-249.4,43,65.1
-247.7,43.4,65.4
-245.8,44,65.7
-243.8,44.8,66.1
-241.6,45.8,66.5
-239.6,47,66.9
-237.6,48.3,67.3
-235.7,49.7,67.7
-233.8,51.2,68
-231.9,52.8,68.4
-230.2,54.4,68.6
-228.7,56,68.8
-227.3,57.4,69
-226.1,58.9,69.2
-224.9,60.3,69.3
-223.8,61.7,69.4
-223,63.1,69.5
-222.2,64.5,69.5
-221.4,65.9,69.6
-220.7,67.3,69.7
-220,68.7,69.7
-219.6,70,69.8
-219.3,71.4,69.8
-219.1,72.8,69.9
-219.2,74,69.9
-219.3,75.3,70.1
-219.5,76.6,70.2
-219.8,77.7,70.3
-220.3,78.8,70.3
-220.6,80,70.4
-221.1,81,70.4
-221.7,82.1,70.4
-222.1,83.2,70.6
-222.7,84.3,70.5
-223.2,85.4,70.6
-223.8,86.6,70.6
-224.4,87.8,70.5
-224.9,88.9,70.5
-225.4,90,70.5
-225.8,91.2,70.4
-226.1,92.4,70.4
-226.3,93.5,70.2
-226.6,94.7,70.1
-226.8,95.8,69.8
-226.7,96.9,69.7
-226.7,98.1,69.5
-226.5,99.4,69.3
-226.3,100.7,68.9
-226,102.1,68.6
-225.6,103.4,68.3
-225.3,104.7,67.9
-224.8,106.1,67.5
-224.3,107.2,67.1
-223.7,108.3,66.6
-223.1,109.5,66.3
-222.5,110.5,65.8
-221.9,111.5,65.4
-221.2,112.4,64.9
-220.7,113.3,64.5
-220.1,114.2,64.1
-219.6,115,63.7
-219.1,115.7,63.4
-218.7,116.3,63
-218.3,116.9,62.7
-217.9,117.3,62.4
-217.5,117.8,62.1
-217.1,118.1,61.9
-216.8,118.4,61.6
-216.6,118.5,61.4
-216.4,118.7,61.4
-216.3,118.8,61.3
-216.3,118.8,61.4
-216.2,118.7,61.4
-216.1,118.6,61.3
-216.1,118.5,61.3
-216,118.5,61.3
-215.9,118.4,61.3
-215.7,118.3,61.3
-215.6,118.2,61.2
-215.3,118.2,61.2
-215.1,118.1,61.2
-214.9,118.1,61.1
-214.6,118,61.1
-214.5,118,61
-214.3,118,61
-214.2,118,60.9
-214,118.1,60.9
-214,118.2,60.8
-213.9,118.2,60.8
-214,118.3,60.8
-214.1,118.3,60.8
-214.3,118.3,60.8
-214.6,118.3,60.9
-214.9,118.2,61
-215.2,118.2,61.1
-215.6,118.1,61.3
-216.2,117.9,61.4
-216.8,117.7,61.6
-217.4,117.5,61.7
-217.8,117.2,62.1
-218.3,117,62.3
-218.8,116.7,62.5
-219.3,116.4,62.7
-219.8,116.1,62.9
-220.3,115.8,63.1
-220.7,115.4,63.3
-221.1,115,63.6
-221.5,114.5,63.8
-221.8,113.9,64.1
-222.1,113.2,64.4
-222.3,112.6,64.7
-222.4,111.9,65
-222.6,111.1,65.3
-222.7,110.3,65.5
-222.8,109.5,65.9
-223,108.7,66.1
-223.1,107.8,66.5
-223.4,106.9,66.7
-223.7,106.1,67
-224.1,105.1,67.4
-224.5,104,67.8
-225,102.9,68.1
-225.6,101.7,68.5
-226.2,100.5,68.9
-226.9,99.2,69.2
-227.5,97.8,69.6
-228.2,96.4,69.9
-228.9,94.9,70.2
-229.7,93.4,70.4
-230.3,91.8,70.7
-231,90.2,71.1
-231.8,88.5,71.2
-232.4,86.9,71.4
-233,85.4,71.6
-233.6,83.9,71.7
-234.2,82.6,71.7
-234.9,81.4,71.7
-235.4,80.4,71.7
-236,79.6,71.8
-236.7,78.8,71.7
-237.3,78.1,71.8
-238,77.5,71.7
-238.8,76.8,71.7
-239.7,76.2,71.6
-240.6,75.5,71.7
-241.6,74.9,71.6
-242.6,74.3,71.6
-243.6,73.8,71.5
-244.7,73.3,71.4
-245.8,73,71.3
-246.9,72.8,71.2
-247.9,72.7,71.1
-248.9,72.6,71
-249.7,72.6,71
-250.5,72.6,70.9
-251.3,72.6,70.8
-252,72.8,70.7
-252.6,72.9,70.7
-253.2,73.1,70.6
-253.7,73.3,70.5
-254.1,73.7,70.5
-254.5,74.1,70.4
-254.7,74.5,70.5
-254.9,75,70.5
-255,75.6,70.5
-255,76.2,70.5
-254.9,76.9,70.6
-254.7,77.7,70.6
-254.5,78.4,70.7
-254.2,79.2,70.8
-253.9,79.9,70.8
-253.6,80.4,70.9
-253.3,80.8,70.8
-253.1,81.1,70.8
-252.6,81.2,70.9
-252.2,81.3,70.9
-251.7,81.4,71
-251.2,81.4,71.1
-250.6,81.5,71.2
-250,81.6,71.2
-249.3,81.8,71.3
-248.7,81.9,71.4
-248.1,82.1,71.4
-247.5,82.3,71.5
-246.9,82.6,71.5
-246.2,82.9,71.5
-245.5,83.3,71.6
-244.9,83.7,71.5
-244.3,84.3,71.5
-243.7,85,71.6
-243.2,85.7,71.5
-242.7,86.4,71.5
-242.3,87,71.5
-241.9,87.7,71.4
-241.5,88.4,71.4
-241.1,89.1,71.3
-240.8,89.8,71.3
-240.6,90.4,71.2
-240.4,90.7,71.2
-240.4,91,71
-240.4,91.1,71.1
-240.4,90.9,71.1
-240.4,90.8,71.1
-240.4,90.7,71.1
-240.4,90.8,71.1
-240.4,90.8,71.1
-240.5,90.9,71.1
-240.5,91,71.1
-240.6,91,71.1
-240.7,91,71.1
-240.8,91,71.1
-241,91,71.1
-241.3,90.9,71.1
-241.7,90.8,71
-242.3,90.6,71
-242.8,90.5,71
-243.4,90.3,71
-243.8,90.1,71
-244.3,90,71
-244.7,90,70.9
-245.1,89.9,71
-245.6,89.9,70.9
-246,89.8,70.8
-246.4,89.6,70.9
-246.8,89.5,70.8
-247.1,89.4,70.8
-247.5,89.2,70.8
-247.9,89.2,70.8
-248.2,89.2,70.8
-248.7,89.1,70.6
-249.2,89.1,70.6
-249.6,89,70.6
-250.2,88.8,70.5
-250.8,88.6,70.5
-251.3,88.4,70.4
-251.9,88.1,70.4
-252.5,87.9,70.2
-252.8,87.8,70.2
-253.1,87.8,70.2
-253.3,87.9,70.1
-253.3,88.1,70.1
-253.1,88.4,70.1
-252.8,88.6,70.1
-252.5,88.9,70.1
-252.1,89.2,70.1
-251.7,89.5,70.2
-251.4,89.6,70.2
-251.1,89.7,70.3
-251,89.7,70.2
-250.9,89.6,70.3
-250.9,89.4,70.3
-250.9,89,70.3
-250.9,88.6,70.4
-251,88,70.4
-251.1,87.2,70.4
-251.2,86.3,70.5
-251.3,85.5,70.5
-251.4,84.7,70.6
-251.6,84.1,70.5
-251.9,83.5,70.5
-252.2,83,70.4
-252.5,82.6,70.4
-252.9,82.3,70.3
-253.2,82.2,70.4
-253.6,82.1,70.3
-253.9,82,70.3
-254.2,81.8,70.3
-254.6,81.6,70.2
-254.9,81.2,70.1
-255.2,80.8,70.1
-255.5,80.3,70.1
-255.8,79.8,70
-256.1,79.3,69.9
-256.4,78.7,69.8
-256.5,78.1,69.8
-256.5,77.5,69.8
-256.5,76.9,69.8
-256.5,76.5,69.8
-256.5,76.3,69.8
-256.5,76.2,69.8
-256.6,76.2,69.8
-256.8,76.4,69.7
-256.9,76.9,69.7
-257.1,77.3,69.7
-257.3,78,69.7
-257.5,78.7,69.7
-257.7,79.5,69.7
-257.9,80.4,69.6
-258.1,81.5,69.5
-258.3,82.3,69.5
-258.4,83.2,69.5
-258.6,84.1,69.4
-258.8,84.9,69.3
-259.1,85.6,69.2
-259.3,86.3,69.2
-259.6,86.9,69.1
-260,87.6,68.9
-260.2,88.3,68.9
-260.5,89.2,68.7
-260.9,90.1,68.5
-261.1,91,68.5
-261.5,92.1,68.3
-261.8,93.1,68.1
-262.1,94.2,67.9
-262.3,95.3,67.7
-262.5,96.5,67.5
-262.7,97.5,67.3
-262.9,98.5,67
-263.1,99.5,66.8
-263.3,100.2,66.6
-263.4,101,66.5
-263.6,101.6,66.2
-263.8,102.2,66
-263.9,102.9,65.8
-264,103.6,65.6
-264.1,104.3,65.4
-264.1,104.9,65.4
-264.1,105.5,65.2
-264.2,106.2,64.9
-264.3,106.7,64.8
-264.4,107.2,64.6
-264.6,107.7,64.3
-264.8,108.2,64.1
-264.9,108.8,64
-265,109.4,63.7
-265.1,110,63.6
-265.1,110.5,63.4
-265.2,111,63.2
-265.4,111.2,63.1
-265.6,111.6,63
-266,111.8,62.8
-266.4,112.1,62.5
-267.1,112.5,62.1
-267.6,112.9,62
-268.3,113.2,61.7
-269.2,113.4,61.4
-270.2,113.5,61
-271.2,113.5,60.7
-272.3,113.5,60.3
-273.5,113.3,60
-274.7,113.2,59.7
-276.2,112.8,59.3
-277.7,112.4,58.8
-279.4,111.9,58.3
-281,111.3,57.9
-282.7,110.6,57.4
-284.4,109.9,56.9
-286,109,56.4
-287.6,108.2,55.9
-289.1,107.4,55.4
-290.6,106.5,54.8
-291.8,105.7,54.4
-292.9,104.9,54
-293.9,104.1,53.6
-294.9,103.2,53.3
-295.7,102.3,53.1
-296.6,101.1,52.8
-297.5,99.9,52.6
-298.4,98.5,52.4
-299.2,97,52.1
-300,95.5,51.9
-300.7,94,51.6
-301.3,92.5,51.5
-301.6,91.3,51.4
-301.8,90.1,51.5
-301.8,89.2,51.6
-301.6,88.3,51.7
-301.3,87.5,52.1
-300.9,86.6,52.4
-300.5,85.7,52.7
-300.1,84.6,53
-299.8,83.4,53.3
-299.4,82,53.6
-299.2,80.4,53.8
-298.8,78.8,54
-298.6,77.1,54.2
-298.2,75.4,54.3
-297.7,73.8,54.5
-297.2,72.2,54.7
-296.5,70.6,55
-295.8,69.2,55.3
-295.1,67.8,55.6
-294.3,66.3,55.9
-293.6,64.9,56.1
-292.7,63.5,56.4
-292,61.9,56.5
-291.3,60.4,56.6
-290.9,58.8,56.5
-290.4,57.2,56.5
-290,55.7,56.3
-289.5,54.3,56.2
-289,52.9,56.2
-288.6,51.5,55.9
-288.1,50.2,56
-287.6,49,55.9
-287.2,48,55.7
-286.8,47,55.6
-286.5,46,55.4
-286.1,45.2,55.3
-285.9,44.3,55.2
-285.7,43.5,55
-285.8,42.6,54.7
-285.8,41.8,54.4
-285.9,41,54
-286.1,40.2,53.7
-286.3,39.5,53.3
-286.6,38.9,52.9
-287.1,38.3,52.4
-287.4,37.9,52.1
-287.8,37.7,51.8
-288.2,37.5,51.5
-288.7,37.6,51.3
-289.3,37.8,51
-289.9,38.2,50.9
-290.5,38.7,50.8
-291.1,39.2,50.8
-291.6,39.8,50.7
-292.3,40.6,50.6
-292.7,41.5,50.8
-293.2,42.7,51
-293.7,44,51.1
-294.1,45.6,51.4
-294.5,47.3,51.8
-294.8,49.3,52.3
-295.2,51.3,52.7
-295.5,53.4,53
-295.7,55.7,53.5
-295.8,58.1,54
-295.7,60.5,54.5
-295.7,62.8,54.9
-295.5,65.1,55.4
-295.3,67.4,55.7
-295,69.9,56.2
-294.6,72.4,56.6
-294.2,74.9,57
-293.8,77.6,57.2
-293.3,80.1,57.5
-292.8,82.6,57.6
-292.2,85.1,57.8
-291.6,87.5,58
-291.1,89.7,58
-290.3,91.8,58.2
-289.7,93.9,58.2
-288.9,95.8,58.3
-288.1,97.6,58.4
-287.4,99.3,58.3
-286.5,100.8,58.4
-285.6,102.2,58.5
-284.6,103.5,58.5
-283.5,104.9,58.8
-282.5,106.1,58.8
-281.5,107.4,58.8
-280.5,108.7,58.8
-279.4,109.9,59
-278.5,111,58.9
-277.6,112,58.9
-276.6,112.9,59
-275.5,113.9,59
-274.4,114.9,59.1
-273.1,116,59.1
-271.7,117.1,59.1
-270.2,118.2,59.1
-268.6,119.4,59
-266.9,120.7,58.9
-265.2,121.8,58.9
-263.5,122.9,58.8
-261.9,123.9,58.6
-260.4,124.9,58.5
-258.8,125.7,58.5
-257.4,126.5,58.3
-255.9,127.3,58.2
-254.3,128,58.2
-252.7,128.6,58
-251.1,129.2,57.9
-249.5,129.7,57.8
-248,130.2,57.7
-246.5,130.7,57.6
-245.1,131,57.5
-243.8,131.4,57.3
-242.4,131.5,57.3
-241,131.7,57.3
-239.5,131.7,57.2
-237.8,131.8,57.3
-236,131.8,57.2
-234.2,131.8,57.1
-232.4,131.8,57
-230.7,131.7,56.9
-229.1,131.7,56.9
-227.8,131.5,56.8
-226.5,131.5,56.7
-225.3,131.3,56.7
-224,131.1,56.7
-222.8,131,56.6
-221.4,130.8,56.4
-219.8,130.6,56.4
-218.3,130.4,56.1
-216.8,130.1,55.9
-215.3,129.8,55.8
-213.9,129.5,55.7
-212.7,129.1,55.6
-211.5,128.7,55.5
-210.5,128.3,55.5
-209.4,128,55.4
-208.3,127.5,55.4
-207.2,127.1,55.3
-206.1,126.5,55.3
-205,125.8,55.3
-204,125.1,55.2
-202.9,124.3,55.3
-201.9,123.5,55.4
-201.1,122.6,55.5
-200.4,121.7,55.6
-199.9,120.9,55.9
-199.5,120,56.1
-199.1,119.1,56.5
-198.8,118.1,56.7
-198.3,117.2,57.1
-198,116.1,57.4
-197.7,114.9,57.7
-197.3,113.8,58
-197,112.7,58.2
-196.8,111.7,58.5
-196.7,110.8,58.8
-196.7,110,59
-196.7,109.3,59.3
-196.8,108.7,59.6
-196.9,108.1,59.8
-196.9,107.6,59.9
-196.8,107.1,60.1
-196.5,106.5,60.2
-196.2,106,60.2
-195.8,105.4,60.2
-195.3,104.7,60.2
-194.8,104.2,60.2
-194.3,103.7,60.1
-193.8,103.2,60
-193.3,102.9,59.9
-192.8,102.4,59.8
-192.3,101.9,59.8
-191.7,101.5,59.7
-191.1,100.9,59.6
-190.4,100.3,59.5
-189.6,99.6,59.2
-188.8,98.9,59
-188,98.2,58.8
-187.3,97.6,58.5
-186.7,97.2,58.3
-186.2,96.8,58.1
-185.8,96.4,58.1
-185.5,96.1,58.1
-185.4,95.7,58
-185.3,95.3,58.1
-185.3,94.9,58.1
-185.2,94.5,58.2
-185.1,94,58.3
-185,93.5,58.3
-184.9,92.9,58.3
-184.9,92.4,58.3
-185,92.1,58.4
-185,92,58.5
-185.2,92,58.6
-185.4,92.1,58.7
-185.7,92.3,58.8
-186,92.5,58.9
-186.4,92.7,59.1
-186.8,92.8,59.3
-187.2,93,59.5
-187.8,93.2,59.7
-188.3,93.6,59.9
-188.8,94,60.1
-189.3,94.4,60.2
-189.6,94.9,60.3
-190,95.4,60.2
-190.2,96,60.1
-190.3,96.8,60.1
-190.3,97.7,60
-190.4,98.7,59.8
-190.4,99.9,59.5
-190.3,101.1,59.1
-190.3,102.3,58.7
-190.2,103.6,58.3
-190.2,105,57.9
-190.2,106.3,57.5
-190.2,107.7,57.1
-190.3,109.1,56.7
-190.4,110.5,56.2
-190.5,111.9,55.8
-190.7,113.3,55.2
-190.9,114.8,54.7
-191.2,116.3,54.3
-191.7,117.6,53.9
-192.3,119,53.4
-193,120.2,53.2
-193.8,121.2,53.1
-194.8,122.1,53.1
-195.9,122.8,53.1
-197.1,123.5,53.3
-198.5,124,53.5
-199.7,124.4,53.8
-200.9,124.7,54.2
-202.1,124.8,54.5
-203.2,124.8,54.8
-204.2,124.6,55.2
-205.3,124.2,55.6
-206.3,123.7,56.1
-207.4,123.1,56.7
-208.5,122.3,57.4
-209.7,121.5,58.2
-211.1,120.5,59
-212.5,119.4,59.8
-214,118.3,60.7
-215.6,117,61.6
-217.3,115.7,62.4
-219,114.4,63.2
-220.7,113.3,64
-222.3,112.1,64.6
-223.9,110.9,65.3
-225.5,109.8,65.9
-227.1,108.6,66.4
-228.6,107.5,66.9
-230.1,106.4,67.4
-231.7,105.2,67.8
-233.2,103.9,68.2
-234.6,102.6,68.6
-236,101.2,69
-237.4,99.7,69.3
-238.6,98.2,69.7
-240,96.6,69.9
-241.1,95.1,70.2
-242.1,93.5,70.5
-243.1,92,70.7
-244,90.6,70.8
-244.7,89.1,71
-245.3,87.7,71
-245.6,86.4,71.2
-245.8,85,71.2
-246,83.8,71.3
-246,82.6,71.3
-245.9,81.4,71.4
-245.8,80.3,71.4
-245.7,79.4,71.4
-245.5,78.4,71.4
-245.4,77.4,71.3
-245.2,76.5,71.3
-245,75.6,71.3
-244.7,74.7,71.4
-244.5,73.9,71.3
-244.2,72.9,71.3
-244,72,71.2
-243.8,71,71.1
-243.3,70,71.1
-243,68.9,71
-242.6,67.8,70.9
-242.3,66.8,70.7
-241.9,65.6,70.6
-241.6,64.6,70.5
-241.3,63.6,70.4
-241,62.6,70.2
-240.6,61.7,70.1
-240,61,70
-239.5,60.4,69.9
-238.9,60,69.9
-238.3,59.5,69.8
-237.7,59.1,69.6
-237.2,58.7,69.5
-236.7,58.3,69.5
-236.2,57.7,69.4
-236,57.2,69.3
-235.8,56.7,69.2
-235.6,56.3,69.1
-235.3,56.1,69.1
-234.9,56,69.1
-234.5,56.1,69.1
-234,56.3,69.1
-233.4,56.5,69
-232.8,56.7,69.1
-232.2,57,69.1
-231.6,57.3,69.1
-231.2,57.6,69.1
-230.8,57.9,69.2
-230.6,58.3,69.3
-230.3,58.8,69.4
-229.9,59.3,69.5
-229.5,60,69.5
-229,60.5,69.6
-228.5,60.9,69.6
-228.1,61.2,69.6
-227.6,61.5,69.6
-227.2,61.6,69.6
-227,61.6,69.6
-226.8,61.7,69.6
-226.6,61.7,69.6
-226.4,61.9,69.6
-226.1,62.1,69.6
-225.6,62.3,69.6
-225.1,62.5,69.6
-224.6,62.6,69.5
-224,62.6,69.5
-223.5,62.6,69.4
-223,62.4,69.4
-222.6,62.2,69.3
-222.4,61.9,69.2
-222.1,61.7,69.1
-221.9,61.5,69
-221.7,61.2,68.9
-221.5,61,68.9
-221.2,60.8,68.8
-221.1,60.6,68.8
-220.9,60.4,68.7
-220.8,60.2,68.6
-220.6,60,68.6
-220.6,59.8,68.6
-220.6,59.6,68.5
-220.6,59.4,68.5
-220.5,59.1,68.5
-220.4,58.9,68.5
-220.3,58.7,68.3
-220.2,58.6,68.3
-220.1,58.4,68.3
-220,58.2,68.2
-220.1,58.1,68.2
-220.1,58.1,68.2
-220.1,58,68.3
-220.2,58,68.2
-220.3,58.1,68.3
-220.3,58.2,68.3
-220.3,58.2,68.3
-220.2,58.2,68.3
-220.1,58.3,68.3
-219.8,58.2,68.3
-219.5,58.2,68.2
-219,58.1,68.1
-218.3,58.1,67.9
-217.5,58.2,67.9
-216.7,58.1,67.7
-215.9,58,67.5
-215,57.8,67.3
-214.2,57.5,67.1
-213.4,57.1,66.8
-212.7,56.8,66.5
-212,56.6,66.3
-211.2,56.3,66.1
-210.5,56.1,65.9
-209.8,55.7,65.7
-209,55.3,65.4
-208.2,54.9,65.1
-207.5,54.3,64.7
-206.7,53.7,64.4
-206,53.1,64
-205.1,52.5,63.7
-204.4,51.9,63.4
-203.8,51.4,63.1
-203.1,51.1,62.8
-202.4,50.9,62.5
-201.6,50.7,62.3
-200.8,50.7,62.1
-200,50.5,61.8
-199.3,50.6,61.5
-198.9,50.4,61.3
-198.5,50.4,61.4
-198.3,50.4,61.3
-198.1,50.4,61.3
-197.9,50.5,61.2
-197.8,50.6,61.2
-197.5,50.7,61.2
-197.2,50.9,61.1
-197,51.1,61.1
-196.6,51.3,61
-196.2,51.5,61
-195.8,51.6,60.9
-195.4,51.8,60.7
-195,51.9,60.6
-194.7,52,60.4
-194.2,52.1,60.4
-193.9,52.4,60.3
-193.5,52.6,60.2
-193.2,52.9,60.2
-192.8,53.3,60.1
-192.3,53.8,60.1
-191.8,54.2,60
-191.3,54.7,59.9
-190.6,55.1,59.7
-189.9,55.6,59.4
-189.2,56.1,59.2
-188.2,56.6,58.9
-187.2,57.2,58.6
-186.2,58,58.2
-185.1,58.8,57.9
-184,59.7,57.5
-182.9,60.8,57.1
-181.7,62,56.6
-180.5,63.2,56.2
-179.2,64.4,55.7
-178.1,65.4,55.2
-177.1,66.2,54.7
-176.3,66.9,54.3
-175.6,67.5,53.9
-175,68.1,53.5
-174.4,68.8,53.2
-173.9,69.4,52.9
-173.5,70,52.7
-173.1,70.7,52.6
-172.8,71.3,52.4
-172.4,71.9,52.2
-172.1,72.4,52.1
-171.8,72.9,51.9
-171.5,73.3,51.7
-171.3,73.8,51.6
-171.1,74.2,51.5
-170.9,74.7,51.3
-170.8,75.2,51.2
-170.6,75.8,51.1
-170.5,76.4,51
-170.5,76.8,51
-170.5,77.3,51
-170.6,77.8,51.1
-170.7,78.2,51.2
-171,78.6,51.3
-171.1,79.2,51.4
-171.3,79.6,51.5
-171.5,80.1,51.7
-171.6,80.7,51.8
-171.7,81.2,51.8
-171.9,81.7,51.8
-171.9,82.2,51.8
-171.9,82.6,51.8
-171.8,83.1,51.8
-171.8,83.6,51.7
-171.8,84,51.6
-171.7,84.5,51.5
-171.6,84.9,51.4
-171.4,85.4,51.3
-171.4,85.9,51.2
-171.3,86.3,51.1
-171.4,86.7,51.1
-171.6,87,51.1
-171.8,87.3,51.3
-172,87.6,51.4
-172.3,87.9,51.6
-172.6,88.1,51.7
-172.9,88.3,51.8
-173.3,88.6,52
-173.6,88.8,52.2
-174.1,89,52.5
-174.6,89.3,52.8
-175.1,89.5,53.1
-175.7,89.8,53.3
-176.1,90.2,53.5
-176.5,90.4,53.7
-176.9,90.8,53.9
-177.3,91.1,54.1
-177.8,91.5,54.4
-178.5,91.9,54.5
-179.1,92.3,54.8
-179.9,92.8,55.1
-180.9,93.4,55.5
-182.1,94.1,55.9
-183.5,94.8,56.5
-185.2,95.7,57.1
-186.8,96.7,57.8
-188.7,97.8,58.4
-190.3,98.7,59
-191.7,99.5,59.5
-192.9,100.2,59.9
-193.9,100.9,60.1
-194.6,101.4,60.4
-195.5,102,60.6
-196.4,102.7,60.8
-197.3,103.3,61
-198.2,103.9,61.2
-199.2,104.6,61.4
-200.2,105.2,61.6
-201.2,105.8,61.9
-202.1,106.3,62
-203,106.9,62.2
-203.7,107.5,62.3
-204.5,108.1,62.4
-204.9,108.7,62.4
-205.4,109.3,62.4
-205.8,110,62.3
-206.1,110.7,62.2
-206.4,111.5,62.1
-206.7,112.2,61.9
-206.9,113,61.7
-207.1,113.8,61.5
-207.3,114.6,61.3
-207.5,115.4,61
-207.6,116.2,60.8
-207.7,116.9,60.6
-207.8,117.5,60.4
-207.9,118.2,60.1
-208,118.6,59.9
-208.1,119.2,59.8
-208.1,119.7,59.6
-208.1,120.2,59.4
-208.1,120.7,59.1
-207.9,121.2,58.9
-207.9,121.6,58.7
-207.9,122,58.4
-207.8,122.4,58.3
-207.8,122.8,58.1
-207.8,123.1,58
-207.9,123.3,57.9
-208,123.5,57.8
-208.1,123.8,57.8
-208.2,123.9,57.7
-208.3,124,57.7
-208.3,124,57.7
-208.2,123.9,57.7
-208.2,123.8,57.7
-208,123.7,57.8
-207.8,123.5,57.9
-207.5,123.2,57.9
-207.3,122.9,58
-206.8,122.5,58
-206.3,122.1,58.1
-205.7,121.5,58.1
-205,120.9,58.2
-204.3,120.3,58.2
-203.6,119.7,58.3
-202.8,119,58.2
-202,118.3,58.2
-201.1,117.6,58.2
-200.2,116.8,58.1
-199.2,116,58.1
-198.2,115.3,57.9
-197.1,114.5,57.8
-196,113.8,57.6
-194.8,113.1,57.3
-193.6,112.3,57
-192.4,111.6,56.7
-191.1,110.8,56.4
-189.9,110,56.1
-188.8,109.2,55.7
-187.6,108.3,55.4
-186.4,107.3,55.2
-185.2,106.2,55
-184.1,105.1,54.6
-183,103.9,54.3
-181.7,102.8,53.9
-180.6,101.6,53.5
-179.3,100.5,53.1
-178.2,99.4,52.6
-177.1,98.1,52.2
-176,96.9,51.9
-175.1,95.6,51.6
-174.3,94.3,51.3
-173.6,92.9,51
-172.9,91.4,50.7
-172.3,90,50.6
-171.7,88.5,50.4
-171.1,86.9,50.2
-170.6,85.4,50
-170,83.7,49.7
-169.4,82.1,49.4
-169,80.4,49.2
-168.5,78.8,48.9
-168.3,77.1,48.7
-168,75.6,48.5
-167.9,74.1,48.5
-168,72.8,48.5
-168.2,71.7,48.6
-168.4,70.7,48.7
-168.6,69.7,48.9
-168.9,68.9,49.1
-169.3,68,49.2
-169.6,67.2,49.3
-169.8,66.3,49.5
-170.1,65.4,49.6
-170.5,64.5,49.8
-170.9,63.6,49.9
-171.3,62.8,50.1
-171.9,62,50.3
-172.5,61.2,50.6
-173.1,60.4,50.9
-173.7,59.7,51.2
-174.4,59,51.5
-175.1,58.2,51.8
-175.8,57.3,52.1
-176.6,56.5,52.4
-177.3,55.6,52.6
-178,54.7,52.9
-178.8,53.8,53.2
-179.6,52.8,53.4
-180.4,51.9,53.6
-181.3,51,53.8
-182,50,54
-182.9,49.1,54.2
-183.9,48.2,54.5
-184.9,47.1,54.8
-186,46,55
-187.2,45,55.2
-188.3,43.8,55.4
-189.3,42.6,55.5
-190.3,41.5,55.5
-191.3,40.3,55.5
-192,39.1,55.4
-192.8,38,55.4
-193.4,36.8,55.2
-194.1,35.8,55.1
-194.8,34.7,54.9
-195.5,33.6,54.7
-196.1,32.5,54.5
-196.7,31.5,54.3
-197.2,30.4,54
-197.7,29.4,53.7
-198.1,28.4,53.4
-198.4,27.4,53.1
-198.9,26.5,52.7
-199.2,25.5,52.3
-199.5,24.7,51.9
-199.8,23.9,51.6
-200,23.2,51.3
-200.1,22.4,51
-200.3,21.7,50.6
-200.5,20.9,50.2
-200.7,20.1,49.9
-201,19.3,49.5
-201.2,18.6,49.1
-201.4,17.9,48.7
-201.7,17.2,48.4
-201.9,16.6,48.1
-202.2,16,47.8
-202.5,15.5,47.6
-202.7,15.1,47.4
-203,14.7,47.3
-203.3,14.3,47.2
-203.8,13.9,47.1
-204.3,13.6,47
-204.7,13.3,47
-205.2,13,47
-205.7,12.8,46.9
-206.1,12.7,47
-206.7,12.5,47
-207.2,12.3,47.1
-207.8,12.2,47.3
-208.4,12.1,47.5
-209.2,12,47.5
-209.9,11.8,47.7
-210.6,11.7,47.9
-211.3,11.6,48
-212,11.5,48.1
-212.7,11.4,48.1
-213.3,11.3,48.3
-214,11.2,48.4
-214.7,11.1,48.5
-215.3,11,48.6
-216,10.8,48.7
-216.9,10.7,48.7
-217.6,10.6,48.8
-218.2,10.5,48.9
-218.9,10.5,49
-219.7,10.4,49
-220.4,10.4,49.2
-221.1,10.3,49.3
-221.8,10.2,49.4
-222.5,10.2,49.4
-223.3,10.1,49.4
-224,10.1,49.5
-224.8,10,49.6
-225.5,10,49.7
-226.3,9.9,49.8
-227.2,9.8,49.8
-228,9.8,49.9
-228.8,9.7,50
-229.6,9.7,50
-230.4,9.7,50
-231.2,9.7,50.1
-232.1,9.6,50.1
-232.9,9.6,50.1
-233.8,9.5,50.1
-234.7,9.5,50.1
-235.5,9.4,50
-236.4,9.3,50
-237.2,9.3,50
-238.1,9.2,49.9
-238.9,9.1,49.9
-239.7,9.1,49.9
-240.6,9,49.8
-241.6,9,49.6
-242.3,9,49.7
-243.2,9,49.6
-244,9,49.5
-244.8,9,49.5
-245.6,9,49.5
-246.5,8.9,49.4
-247.4,8.9,49.2
-248.2,8.9,49.2
-249.1,8.9,49.1
-249.9,9,49.1
-250.7,9,49
-251.6,9,48.8
-252.5,9,48.7
-253.3,9,48.6
-254.2,9,48.4
-255.1,9,48.2
-255.9,8.9,48.1
-256.9,8.9,47.9
-257.9,8.8,47.6
-258.8,8.7,47.4
-259.9,8.7,47
-260.8,8.6,46.8
-261.8,8.5,46.5
-262.8,8.6,46.2
-263.8,8.6,45.9
-264.9,8.7,45.7
-265.9,8.7,45.4
-266.9,8.8,45.2
-268,8.9,44.7
-269,8.9,44.3
-270,8.9,44
-271,9,43.8
-272,9.1,43.5
-272.9,9.3,43.2
-273.9,9.6,43
-274.8,9.9,42.9
-275.7,10.3,42.8
-276.6,10.6,42.7
-277.6,11,42.5
-278.4,11.4,42.4
-279.1,11.9,42.5
-279.8,12.3,42.5
-280.5,12.9,42.6
-281.1,13.4,42.6
-281.8,14,42.7
-282.4,14.7,42.8
-283,15.5,43.1
-283.6,16.3,43.3
-284.3,17.1,43.5
-285,18.1,43.8
-285.7,19,44.1
-286.3,20.1,44.3
-286.8,21.2,44.8
-287.2,22.3,45.2
-287.5,23.5,45.8
-287.7,24.7,46.4
-287.9,26.1,47
-288.1,27.5,47.6
-288.3,29,48.3
-288.6,30.6,48.9
-288.9,32.3,49.5
-289.3,34,50.2
-289.7,35.7,50.7
-290.1,37.5,51.1
-290.4,39.1,51.6
-290.8,40.8,52.1
-291,42.3,52.6
-291.2,44,53
-291.5,45.5,53.4
-291.8,47.1,53.7
-292.2,48.8,53.9
-292.7,50.5,54.2
-293.3,52.2,54.3
-293.8,54,54.4
-294.4,55.6,54.5
-295,57.2,54.5
-295.6,58.6,54.4
-296.2,60,54.3
-296.9,61.2,54.2
-297.5,62.5,54
-298.2,63.7,53.8
-298.9,64.9,53.5
-299.6,66.1,53.2
-300.4,67.2,52.8
-301.1,68.4,52.4
-301.7,69.6,52.3
-302.3,70.8,51.9
-302.9,72,51.6
-303.4,73.3,51.3
-304,74.7,51
-304.5,76,50.7
-305.1,77.3,50.3
-305.5,78.8,50.1
-306,80.1,49.8
-306.3,81.5,49.5
-306.7,83.1,49.2
-307.1,84.4,48.8
-307.3,85.9,48.5
-307.6,87.5,48.2
-307.8,88.9,47.8
-307.9,90.5,47.6
-308,92,47.3
-308,93.6,47.1
-307.9,95.2,46.9
-307.8,96.9,46.6
-307.7,98.6,46.4
-307.5,100.3,46.2
-307.3,101.8,45.9
-307.1,103.4,45.6
-307,104.9,45.2
-306.8,106.5,44.9
-306.6,108,44.7
-306.4,109.5,44.3
-306,111.1,44
-305.6,112.8,43.7
-305,114.5,43.4
-304.4,116.1,43.1
-303.6,117.8,43
-302.8,119.3,42.9
-302,120.9,42.7
-301.1,122.3,42.7
-300.4,123.6,42.6
-299.7,124.7,42.3
-299,126,42.1
-298.2,127.3,41.9
-297.5,128.5,41.8
-296.7,129.7,41.5
-295.7,130.8,41.4
-294.9,131.9,40.7
-293.8,133.1,40.6
-292.8,134.4,40.5
-291.7,135.4,40.5
-290.6,136.4,40.5
-289.4,137.4,40.5
-288.3,138.3,40.4
-287,139.3,40.4
-285.8,140.3,40.4
-284.6,141.1,40.5
-283.3,142,40.5
-282.1,142.7,40.4
-280.9,143.4,40.6
-279.8,144,40.6
-278.8,144.5,40.7
-277.9,145,40.7
-277.2,145.5,40.6
-276.4,146,40.6
-275.7,146.5,40.5
-274.9,147,40.4
-273.9,147.4,40.5
-273,147.7,40.6
-272,148,40.7
-271,148.3,40.9
-270,148.5,41.2
-269,148.6,41.3
-268.1,148.8,41.5
-267.2,148.8,41.8
-266.5,148.9,42
-265.7,148.9,42.3
-265.1,148.9,42.4
-264.4,148.8,42.7
-263.6,148.9,42.9
-262.8,148.9,43.1
-261.9,148.8,43.4
-260.8,148.8,43.7
-259.8,148.7,44
-258.6,148.6,44.3
-257.4,148.4,44.8
-256.2,148.2,45.3
-254.9,147.9,45.7
-253.6,147.6,46.1
-252.2,147.4,46.6
-250.8,147.1,47
-249.4,146.8,47.5
-248.1,146.3,48
-246.7,145.8,48.5
-245.3,145.2,49.1
-243.9,144.5,49.7
-242.5,143.8,50.3
-241.2,143,51
-240,142.1,51.6
-238.8,141.2,52.4
-237.6,140.1,53.1
-236.5,138.8,54
-235.4,137.6,54.7
-234.3,136.3,55.5
-233.1,135,56.3
-231.9,133.6,57
-230.7,132.1,57.7
-229.4,130.6,58.4
-228,128.8,59.2
-226.7,127.1,60
-225.3,125.2,60.7
-224.1,123.2,61.4
-223.1,121.2,62.1
-222.1,119,62.8
-221.2,116.9,63.5
-220.6,114.5,64.2
-220.1,112,64.8
-219.7,109.5,65.5
-219.3,107,66.1
-219.1,104.4,66.7
-219,101.8,67.3
-219,99.1,67.7
-219,96.5,68.2
-219.2,93.7,68.6
-219.4,91,69
-219.8,88.3,69.4
-220.2,85.5,69.6
-220.8,82.8,69.8
-221.3,80,70
-221.9,77.3,70.2
-222.6,74.5,70.2
-223.3,71.8,70.1
-224.1,69.3,70
-224.9,66.8,69.9
-225.8,64.5,69.7
-226.8,62.4,69.6
-227.8,60.4,69.3
-228.9,58.5,69.2
-230.1,56.9,69
-231.5,55.4,68.8
-232.9,54.1,68.6
-234.5,52.9,68.4
-236.1,51.9,68.2
-237.8,51.1,68
-239.4,50.3,67.9
-241.1,49.5,67.6
-242.8,48.8,67.3
-244.4,48.1,67.1
-246.2,47.4,66.7
-247.9,46.7,66.4
-249.6,46.2,66.1
-251.4,45.7,65.8
-253.4,45.4,65.4
-255.3,45.3,65.1
-257.3,45.4,64.8
-259.3,45.8,64.5
-261.4,46.4,64.2
-263.5,47.2,64
-265.6,48.4,63.8
-267.4,49.8,63.7
-269.1,51.2,63.7
-270.7,52.7,63.6
-272.1,54.2,63.6
-273.4,55.8,63.4
-274.6,57.5,63.4
-275.6,59.2,63.4
-276.6,61.1,63.4
-277.5,63.1,63.4
-278.3,65.3,63.4
-279,67.5,63.5
-279.7,69.6,63.5
-280.3,71.8,63.4
-281,73.8,63.2
-281.5,75.9,63.1
-282,77.9,63
-282.6,79.8,62.7
-283.1,81.6,62.5
-283.5,83.4,62.3
-284,85.2,62
-284.3,87.1,61.7
-284.7,89.1,61.3
-285.1,91.1,60.9
-285.4,93,60.5
-285.6,95,60
-285.9,96.9,59.5
-286,98.8,59.1
-286.2,100.6,58.6
-286.3,102.4,58.1
-286.4,104.2,57.6
-286.4,106,57.1
-286.3,107.8,56.7
-286.2,109.5,56.1
-286.1,111.3,55.6
-285.8,113,55.1
-285.4,114.8,54.6
-285,116.7,54.1
-284.7,118.4,53.5
-284.3,120.2,52.9
-283.7,122,52.4
-283.1,123.8,51.9
-282.6,125.4,51.4
-282.2,126.9,50.8
-281.7,128.2,50.3
-281.3,129.5,49.8
-280.9,130.7,49.4
-280.4,131.8,49
-279.8,132.9,48.6
-279.1,134,48.2
-278.3,135.2,47.9
-277.4,136.4,47.5
-276.5,137.5,47.1
-275.4,138.6,46.8
-274.2,139.6,46.7
-273.1,140.3,46.5
-271.9,140.9,46.6
-270.6,141.5,46.7
-269.4,141.9,46.9
-268,142.3,47.1
-266.7,142.6,47.3
-265.4,142.8,47.6
-264.1,142.9,47.9
-262.8,142.9,48.2
-261.5,143,48.5
-260.1,143,48.9
-258.9,143,49.2
-257.6,143,49.4
-256.4,142.8,49.8
-255.2,142.8,50
-254,142.6,50.3
-252.6,142.4,50.8
-251.4,142.1,51.1
-250,141.8,51.4
-248.3,141.6,51.8
-246.6,141.4,52
-244.6,141.5,52.2
-242.6,141.4,52.3
-240.5,141.4,52.4
-238.5,141.1,52.6
-236.7,140.6,52.8
-235.1,139.9,53.2
-233.6,139.1,53.7
-232.4,138,54.3
-231.3,136.9,54.9
-230.2,135.6,55.7
-229.1,134.3,56.3
-227.9,132.9,56.8
-226.7,131.6,57.4
-225.5,130.2,57.9
-224.3,128.8,58.5
-223.1,127.2,59.1
-222,125.5,59.8
-221.1,123.7,60.3
-220.1,121.8,61
-219.3,119.7,61.7
-218.4,117.5,62.4
-217.6,115.2,63.1
-216.9,112.7,63.7
-216.3,110.3,64.3
-215.6,107.8,64.9
-215.1,105.3,65.5
-214.7,102.7,66
-214.3,100.2,66.5
-214,97.7,66.9
-213.6,95.3,67.3
-213.3,92.8,67.6
-213,90.3,67.8
-212.8,87.9,68
-212.6,85.5,68.2
-212.5,83.2,68.3
-212.6,80.8,68.4
-212.8,78.6,68.5
-213.1,76.4,68.6
-213.5,74.2,68.8
-214.3,72.2,68.9
-215.3,70.2,68.9
-216.4,68.2,69
-217.7,66.2,69.1
-219.1,64.3,69.2
-220.6,62.3,69.2
-222.4,60.4,69.1
-224.2,58.5,68.9
-226.1,56.6,68.8
-228.2,54.7,68.6
-230.5,52.9,68.4
-233,51.1,68.1
-235.7,49.3,67.7
-238.5,47.6,67.3
-241.4,45.8,66.8
-244.3,44.1,66.1
-247.3,42.2,65.3
-250.2,40.2,64.3
-253.1,38.3,63.2
-256,36.3,62
-258.9,34.5,60.7
-261.8,32.7,59.3
-264.6,31.1,57.9
-267.5,29.6,56.4
-270.4,28.4,54.8
-273.1,27.3,53.4
-275.7,26.4,52
-278.2,25.6,50.5
-280.5,24.8,49.1
-282.8,24.3,47.7
-284.8,24,46.5
-286.9,23.9,45.3
-288.7,24,44.4
-290.5,24.5,43.7
-292.1,25.1,43.1
-293.6,26,42.7
-294.9,27.1,42.6
-296.2,28.3,42.4
-297.3,29.5,42.3
-298.4,30.7,42.2
-299.3,31.8,42.3
-300.4,33,42.1
-301.2,34.3,42.2
-302.1,35.5,42.2
-302.8,36.7,42.1
-303.4,37.8,42.3
-303.8,38.8,42.4
-304.1,39.9,42.7
-304.1,40.8,43.2
-304.1,41.7,43.5
-303.8,42.5,44
-303.6,43,44.4
-303.3,43.4,44.8
-302.9,43.8,45.2
-302.6,44,45.5
-302.2,44.1,45.8
-302,44.1,45.9
-301.7,44.1,46.2
-301.4,44.1,46.4
-301,44.4,46.6
-300.4,44.9,47.3
-299.9,45.7,47.8
-299.3,46.7,48.6
-298.7,47.7,49.3
-298,48.7,50
-297.3,49.8,50.9
-296.7,50.9,51.6
-295.9,52.3,52.4
-295.1,53.8,53.2
-294.2,55.5,54.1
-293.3,57.3,55
-292.4,59.3,55.9
-291.3,61.5,57
-290.2,63.8,57.8
-289.1,66.1,58.7
-287.9,68.5,59.5
-286.8,71,60.3
-285.6,73.4,61
-284.4,75.9,61.6
-283,78.5,62.3
-281.7,81,62.8
-280.3,83.6,63.3
-278.8,86.3,63.7
-277.3,88.9,64
-275.6,91.6,64.4
-273.8,94.2,64.7
-272,96.6,64.9
-270,99.1,65
-268,101.3,65.2
-266,103.4,65.2
-263.9,105.4,65.2
-261.8,107.4,65.2
-259.6,109,65.3
-257.4,110.7,65.2
-255.3,112.4,65.1
-253.2,113.9,64.9
-251.4,115.3,64.5
-249.3,116.7,64.4
-247.5,118,64
-245.8,119.1,63.6
-244,120.3,63.4
-242.4,121.3,63
-240.8,122.3,62.6
-239.2,123.2,62.3
-237.6,123.9,61.9
-236,124.6,61.6
-234.5,125.1,61.3
-233.2,125.5,61.1
-231.8,125.8,60.9
-230.6,125.9,60.7
-229.4,126,60.6
-228.4,125.8,60.5
-227.3,125.6,60.6
-226.4,125.2,60.7
-225.4,124.7,60.8
-224.4,124.2,60.9
-223.2,123.7,61
-222,123.3,61
-220.7,123,61
-219.4,122.7,60.8
-217.9,122.6,60.7
-216.3,122.3,60.4
-214.6,121.9,60.2
-213,121.5,59.9
-211.3,121,59.7
-209.6,120.5,59.5
-208,119.9,59.2
-206.3,119.2,59.1
-204.8,118.4,58.9
-203.3,117.5,58.7
-201.7,116.5,58.6
-200.2,115.4,58.4
-198.5,114.2,58.2
-196.9,112.9,58.1
-195.3,111.5,57.8
-193.7,110.1,57.5
-192,108.6,57.3
-190.4,107,57.1
-188.9,105.3,56.8
-187.5,103.5,56.6
-186.1,101.6,56.4
-184.8,99.6,56.2
-183.8,97.6,56.1
-182.9,95.5,55.9
-182,93.4,55.9
-181.2,91.2,55.9
-180.6,89,55.7
-180.1,86.8,55.7
-179.6,84.5,55.7
-179.2,82.1,55.6
-179,79.8,55.6
-178.8,77.3,55.6
-178.8,75,55.6
-178.9,72.6,55.6
-179,70.3,55.6
-179.3,68,55.6
-179.7,65.8,55.6
-180.3,63.6,55.7
-181.2,61.4,55.8
-182.2,59.2,56
-183.3,57,56.2
-184.5,54.8,56.3
-185.9,52.5,56.5
-187.3,50.2,56.7
-189,47.9,56.8
-190.7,45.6,57
-192.5,43.3,57.1
-194.6,41.1,57
-196.6,38.9,57.1
-198.8,36.7,57.1
-201.1,34.6,57
-203.6,32.7,57
-206.2,31,57
-209,29.6,57.1
-211.9,28.3,57.2
-214.9,27.2,57.4
-218,26.4,57.5
-221.1,25.8,57.7
-224.1,25.4,57.9
-227.2,25.2,58.1
-230.1,25.3,58.5
-232.8,25.6,58.7
-235.4,26,59
-237.7,26.6,59.3
-239.9,27.5,59.6
-242,28.5,60
-244,29.8,60.5
-245.9,31.2,61.1
-247.6,32.8,61.7
-249.2,34.7,62.2
-250.7,36.6,62.9
-252.1,38.8,63.4
-253.5,41,64
-254.8,43.2,64.6
-256,45.6,65.2
-257.2,48,65.7
-258.4,50.5,66.1
-259.6,53,66.5
-260.8,55.5,66.8
-261.9,58,67.1
-263.1,60.4,67.2
-264.1,62.9,67.4
-265.3,65.1,67.4
-266.4,67.4,67.4
-267.6,69.5,67.3
-268.8,71.6,67.1
-269.9,73.7,66.9
-271.1,75.7,66.7
-272.2,77.8,66.4
-273.3,79.8,66.1
-274.4,81.8,65.7
-275.3,83.8,65.2
-276.2,85.7,64.9
-277.1,87.5,64.4
-278,89.4,63.9
-278.9,91.1,63.4
-279.8,92.8,62.9
-280.8,94.4,62.2
-281.6,96,61.7
-282.5,97.5,61
-283.4,99.1,60.4
-284.1,100.4,59.7
-284.8,101.9,59
-285.4,103.3,58.4
-285.9,104.8,57.8
-286.4,106.2,57.2
-287,107.5,56.4
-287.5,108.8,55.8
-288,110,55.1
-288.5,111.1,54.5
-289,112.3,53.8
-289.6,113.4,53.1
-290,114.5,52.5
-290.6,115.7,51.7
-291.1,116.7,51
-291.5,117.8,50.3
-291.8,118.8,49.7
-292.1,119.7,49.1
-292.4,120.6,48.5
-292.7,121.4,47.9
-293,122.3,47.4
-293.3,122.9,46.8
-293.6,123.6,46.3
-293.8,124.3,45.8
-294,125,45.3
-294.2,125.8,44.8
-294.5,126.5,44.2
-294.8,126.9,43.7
-295.3,127.2,43.2
-295.8,127.5,42.8
-296.4,127.4,42.4
-297.1,127.2,42.1
-297.9,126.9,41.7
-298.7,126.4,41.5
-299.4,126,41.2
-300.1,125.4,41
-300.8,124.7,40.9
-301.4,124,40.8
-302.1,123.2,40.8
-302.7,122.4,40.8
-303.3,121.6,40.8
-304,120.7,40.8
-304.7,119.5,40.8
-305.5,118.3,40.7
-306.1,117,40.8
-306.8,115.7,40.9
-307.2,114.3,41.2
-307.4,113.1,41.6
-307.5,111.9,41.9
-307.7,110.6,42.3
-307.7,109.3,42.7
-307.7,108.1,43.2
-307.7,106.7,43.7
-307.6,105.2,44.2
-307.7,103.7,44.6
-307.8,102.1,45
-307.9,100.3,45.4
-308,98.6,45.7
-308.1,96.8,46
-308.3,95,46.2
-308.4,93.3,46.4
-308.5,91.5,46.6
-308.4,89.5,47
-308.5,87.6,47
-308.4,85.7,47.3
-308.2,83.5,47.7
-307.9,81.6,48
-307.5,79.9,48.3
-306.7,78.4,48.9
-305.9,77,49.5
-305,75.5,50
-304.1,74,50.6
-303.1,72.4,51.2
-302.1,70.8,51.7
-300.9,69.3,52.4
-299.7,67.9,53
-298.5,66.5,53.6
-297.3,65,54.1
-296.1,63.4,54.6
-294.9,61.7,55
-293.9,59.9,55.3
-292.9,58,55.4
-292,55.9,55.4
-291.2,53.6,55.2
-290.3,51.2,55.1
-289.5,48.5,54.8
-288.9,45.9,54.3
-288.2,43.1,53.7
-287.7,40.3,52.9
-287.2,37.4,52
-286.6,34.5,51
-286,31.6,50
-285.4,28.7,48.9
-284.8,26,47.6
-284.2,23.2,46.4
-283.4,20.6,45.2
-282.6,18.1,44
-281.9,15.8,42.7
-281.1,13.6,41.6
-280.3,11.6,40.5
-279.6,9.8,39.4
-278.8,8.5,38.6
-278,7.6,38.3
-277,7.2,38.5
-276.1,7.1,38.9
-275.1,7.2,39.4
-274.1,7.4,40.1
-272.9,7.7,40.8
-271.7,8,41.5
-270.3,8.1,42.2
-268.5,8.3,43
-266.7,8.4,43.7
-264.9,8.4,44.3
-263.2,8.5,44.8
-261.6,8.6,45.3
-260,8.7,45.8
-258.5,9,46.3
-257,9.3,46.9
-255.6,9.7,47.4
-254.1,10.1,48
-252.7,10.5,48.5
-251.2,10.9,49.1
-249.7,11.3,49.6
-248.2,11.7,50.1
-246.8,12.1,50.4
-245.3,12.5,50.8
-243.7,12.8,51.2
-242.2,13.2,51.5
-240.8,13.6,51.8
-239.2,14.1,52.2
-237.6,14.7,52.7
-235.9,15.4,53.1
-234.2,16.2,53.6
-232.4,17,53.9
-230.5,17.8,54.3
-228.4,18.6,54.6
-226.2,19.4,54.9
-224,20.2,55.1
-221.9,21,55.2
-219.8,21.9,55.3
-217.7,22.7,55.4
-215.7,23.5,55.5
-213.9,24.4,55.5
-212.1,25.4,55.6
-210.3,26.3,55.6
-208.5,27.3,55.7
-206.6,28.3,55.6
-204.8,29.2,55.5
-202.9,30,55.3
-201.1,30.8,55
-199.5,31.5,54.7
-197.9,32.2,54.5
-196.5,32.9,54.2
-195.2,33.5,53.9
-193.8,34.1,53.6
-192.5,34.7,53.4
-191.1,35.4,53
-189.7,36,52.6
-188.4,36.6,52.1
-187,37.2,51.7
-185.7,37.7,51.3
-184.4,38.3,50.8
-183.1,39,50.4
-181.9,39.6,49.9
-180.7,40.2,49.5
-179.4,40.8,49
-178.3,41.4,48.6
-177.2,42.1,48.2
-176.1,42.8,47.7
-175.1,43.4,47.3
-174.2,44.1,46.9
-173.3,44.8,46.6
-172.3,45.7,46.2
-171.3,46.5,45.9
-170.4,47.4,45.5
-169.5,48.3,45.1
-168.7,49.2,44.8
-168,50.1,44.5
-167.4,51,44.3
-166.9,52,44.3
-166.4,52.9,44.4
-166.1,54,44.4
-165.8,55.1,44.4
-165.5,56.2,44.4
-165.2,57.4,44.5
-165,58.5,44.6
-164.9,59.7,44.7
-164.8,60.9,44.8
-164.7,62.1,45.1
-164.7,63.3,45.3
-164.7,64.6,45.5
-164.8,65.9,45.7
-164.9,67.3,45.9
-165,68.8,46.1
-165.1,70.3,46.3
-165.1,71.8,46.5
-165.2,73.3,46.6
-165.2,74.8,46.7
-165.3,76.3,46.8
-165.4,77.7,46.9
-165.5,79.1,46.9
-165.7,80.5,47
-166,81.7,47.2
-166.2,82.9,47.4
-166.5,84.1,47.5
-166.8,85.2,47.6
-166.9,86.2,47.7
-167.1,87.3,47.7
-167.2,88.1,47.7
-167.3,88.9,47.7
-167.4,89.6,47.7
-167.7,90.3,47.6
-167.8,90.9,47.7
-168.1,91.5,47.8
-168.4,92.1,47.9
-168.6,92.7,48.1
-168.9,93.2,48.2
-169.1,93.7,48.3
-169.2,94.1,48.3
-169.3,94.4,48.4
-169.3,94.7,48.4
-169.4,95,48.3
-169.4,95.3,48.3
-169.3,95.7,48.2
-169.3,96.1,48.1
-169.3,96.5,48
-169.3,96.9,48
-169.3,97.2,48
-169.5,97.6,47.9
-169.4,98,48
-169.5,98.4,47.9
-169.5,98.8,47.8
-169.5,99.2,47.6
-169.4,99.6,47.5
-169.3,100,47.3
-169.3,100.5,47.2
-169.4,100.9,47.2
-169.6,101.3,47.2
-169.8,101.7,47.3
-170.1,102.1,47.4
-170.3,102.5,47.5
-170.7,103,47.6
-171,103.4,47.8
-171.4,103.8,47.8
-171.8,104.3,48
-172.2,104.7,48.2
-172.7,105.2,48.4
-173.3,105.7,48.6
-173.8,106.2,48.8
-174.4,106.8,49.1
-175.1,107.4,49.3
-175.7,108.1,49.5
-176.3,108.8,49.6
-176.9,109.5,49.7
-177.4,110.4,49.8
-178,111.1,49.9
-178.6,111.8,50
-179.2,112.6,50.1
-180,113.3,50.2
-180.8,114.1,50.4
-181.7,114.8,50.7
-182.7,115.5,50.9
-183.6,116.2,51.2
-184.5,116.8,51.5
-185.4,117.5,51.7
-186.2,118.2,51.8
-186.9,118.9,51.9
-187.5,119.7,52
-188.2,120.5,51.9
-188.9,121.2,51.8
-189.5,122,51.8
-190.2,122.7,51.8
-190.9,123.3,51.9
-191.6,123.9,52
-192.5,124.5,52.1
-193.3,124.9,52.2
-194.2,125.4,52.4
-195.1,125.8,52.6
-196,126.3,52.7
-196.9,126.8,52.8
-197.8,127.3,52.9
-198.6,127.8,53
-199.4,128.4,53
-200.2,129.1,52.9
-201.1,129.6,52.9
-201.9,130.2,52.9
-202.8,130.8,52.9
-203.7,131.4,53
-204.7,132,52.8
-205.5,132.7,52.8
-206.3,133.3,52.7
-207.2,134.1,52.5
-207.9,134.9,52.2
-208.7,135.8,51.9
-209.5,136.6,51.6
-210.2,137.5,51.3
-211,138.2,51
-212,139,50.7
-212.8,139.7,50.6
-213.9,140.3,50.4
-214.9,140.9,50.3
-216,141.4,50.2
-217.1,141.9,50.1
-218.2,142.4,50
-219.2,142.9,49.9
-220.2,143.4,49.7
-221.3,143.7,49.6
-222.3,144,49.5
-223.4,144.3,49.5
-224.5,144.4,49.5
-225.6,144.4,49.7
-226.7,144.3,49.9
-227.9,144.2,50.1
-229.1,144,50.3
-230.3,143.6,50.7
-231.5,143.4,50.9
-232.8,143,51.3
-233.9,142.6,51.7
-235.3,142.3,51.9
-236.6,141.9,52.1
-237.9,141.5,52.4
-239.3,141.2,52.7
-240.7,140.8,53
-242.1,140.4,53.1
-243.5,140,53.3
-244.8,139.5,53.4
-246,139.2,53.6
-247.2,138.8,53.8
-248.4,138.4,54
-249.7,137.9,53.9
-250.8,137.6,54
-251.9,137.2,54.1
-252.9,136.7,54.3
-253.9,136.3,54.5
-254.8,135.7,54.6
-255.9,135.1,54.7
-257,134.4,54.8
-257.9,133.8,55
-258.8,133.4,55
-259.6,133,55
-260.2,132.6,55.2
-260.6,132.2,55.3
-260.9,131.8,55.4
-261.2,131.4,55.6
-261.5,130.8,55.8
-261.7,130.4,56
-262,129.7,56.4
-262.4,128.9,56.6
-262.7,128.3,56.9
-262.9,127.6,57.2
-263.2,126.8,57.5
-263.5,126.1,57.7
-264,125.2,58
-264.4,124.5,58.2
-265,123.5,58.5
-265.5,122.7,58.7
-266.2,121.9,58.9
-267,120.9,59
-267.8,120,59.2
-268.8,119.1,59.2
-269.8,118.2,59.3
-271,117.3,59.1
-272.1,116.5,59.1
-273.4,115.8,59
-274.8,115.1,58.7
-276.1,114.6,58.4
-277.5,114.1,58
-278.9,113.9,57.5
-280.1,113.8,57.1
-281.2,113.8,56.6
-282.2,113.8,56.2
-283,114,55.8
-283.8,114.1,55.3
-284.4,114.4,54.9
-284.7,114.8,54.7
-285.1,115.2,54.4
-285.6,115.6,54
-286,116,53.6
-286.5,116.4,53.2
-287.1,116.8,52.7
-287.6,117.4,52.2
-287.9,117.8,52
-288.1,118.2,51.7
-288.3,118.5,51.5
-288.5,118.6,51.4
-288.7,118.7,51.2
-289.1,118.6,51
-289.6,118.5,50.8
-290,118.4,50.6
-290.5,118.4,50.5
-291.1,118.4,50.2
-291.7,118.4,49.8
-292.3,118.5,49.4
-292.8,118.7,49.1
-293.2,118.8,48.8
-293.5,118.9,48.6
-293.6,119,48.6
-293.7,118.9,48.6
-293.8,118.8,48.6
-294.1,118.6,48.5
-294.2,118.3,48.6
-294.5,118.2,48.5
-294.8,117.9,48.4
-295,117.9,48.3
-295.2,117.9,48.1
-295.2,118.1,48
-295.2,118.3,47.9
-295.2,118.6,47.8
-295.1,119.1,47.7
-295,119.4,47.5
-294.9,119.9,47.5
-294.7,120.4,47.3
-294.6,121,47.1
-294.4,121.7,46.9
-294.1,122.3,46.8
-293.7,123.1,46.6
-293.3,123.8,46.6
-292.9,124.5,46.5
-292.6,125.1,46.3
-292.2,125.6,46.3
-291.8,126.2,46.2
-291.4,126.7,46.2
-291.1,127.2,46.1
-290.6,127.6,46.2
-290.3,128.1,46
-290,128.6,45.9
-289.4,129.3,45.8
-289,129.9,45.7
-288.4,130.6,45.6
-287.8,131.4,45.5
-287.2,132.1,45.4
-286.5,132.8,45.3
-285.8,133.3,45.4
-285,133.7,45.5
-284.2,134.2,45.6
-283.4,134.6,45.8
-282.5,135,45.8
-281.5,135.5,46
-280.5,136,46.1
-279.4,136.6,46.2
-278.2,137.4,46.2
-276.8,138.2,46.3
-275.3,139.1,46.2
-273.7,140.2,46.2
-272,141.3,46
-270.2,142.4,45.8
-268.3,143.4,45.7
-266.3,144.5,45.5
-264.4,145.4,45.3
-262.4,146.2,45.2
-260.3,147.1,45.1
-258.1,147.8,45
-256,148.5,44.8
-253.8,149,44.7
-251.7,149.5,44.6
-249.6,149.8,44.6
-247.6,150.1,44.6
-245.6,150.3,44.6
-243.7,150.3,44.6
-241.7,150.4,44.7
-239.9,150.2,44.8
-238.1,150,45
-236.2,149.7,45.3
-234.5,149.2,45.6
-232.7,148.7,45.9
-230.9,148.1,46.2
-229.1,147.5,46.5
-227.5,146.9,46.8
-225.9,146.2,47
-224.3,145.6,47.4
-222.8,144.8,47.7
-221.4,144,48
-220,143.1,48.4
-218.5,142.1,48.8
-217.2,141,49.3
-215.8,139.7,49.8
-214.6,138.4,50.4
-213.6,137,51
-212.7,135.7,51.7
-212,134.2,52.4
-211.6,132.7,53.1
-211.4,131.2,53.9
-211.4,129.7,54.7
-211.6,128.2,55.7
-212.1,126.5,56.6
-212.8,124.7,57.6
-213.8,122.9,58.6
-214.9,120.9,59.8
-216.3,118.8,60.9
-217.8,116.6,62
-219.4,114.3,63.2
-221.1,112.1,64.3
-222.9,109.7,65.4
-224.9,107.4,66.3
-227,105.1,67.1
-229.1,102.9,67.9
-231.3,100.9,68.5
-233.7,98.9,69.1
-236.2,96.9,69.6
-238.7,94.9,69.9
-241.3,92.9,70.2
-244,91,70.5
-246.7,89,70.5
-249.4,87.1,70.5
-252.2,85.1,70.4
-254.9,83.1,70.2
-257.6,81.1,69.9
-260.4,79.3,69.5
-263.1,77.3,68.9
-265.7,75.5,68.3
-268.2,73.6,67.7
-270.6,71.7,67
-273,69.8,66.1
-275.2,68,65.2
-277.4,66.1,64.3
-279.4,64.3,63.3
-281.3,62.6,62.3
-283.1,61,61.3
-284.6,59.8,60.4
-285.8,58.9,59.7
-286.8,58.1,59.1
-287.4,57.5,58.6
-288,57,58.2
-288.3,56.5,57.9
-288.6,56,57.6
-288.6,55.4,57.6
-288.8,54.8,57.3
-289,54.1,57
-289,53.5,56.8
-289.2,52.8,56.5
-289.3,52,56.2
-289.3,51,55.9
-289.4,49.9,55.6
-289.4,48.8,55.1
-289.5,47.5,54.8
-289.5,46.1,54.3
-289.6,44.8,53.8
-289.7,43.3,53.2
-289.8,41.9,52.5
-289.9,40.4,51.9
-290,38.9,51.3
-290.1,37.3,50.5
-290.2,35.7,49.7
-290.1,34,48.9
-290.1,32.2,48.1
-290,30.4,47.2
-289.8,28.4,46.2
-289.6,26.5,45.3
-289.3,24.5,44.4
-289,22.5,43.4
-288.6,20.6,42.4
-288.2,18.7,41.4
-287.7,17,40.6
-287.2,15.3,39.6
-286.7,13.8,38.8
-285.9,12.4,38.3
-285.2,11.3,37.7
-284.5,10.5,37.5
-283.6,10,37.7
-282.6,9.8,38.1
-281.6,9.8,38.6
-280.4,9.9,39.3
-279.2,10.1,40.1
-277.9,10.2,40.9
-276.4,10.4,41.8
-274.8,10.5,42.5
-273,10.5,43.4
-271.3,10.7,44.2
-269.4,10.9,45.1
-267.6,11.3,45.9
-265.6,11.9,47
-263.4,12.6,48.2
-261.2,13.6,49.4
-259,14.7,50.6
-256.5,15.9,52
-254.2,17.2,53.3
-251.7,18.6,54.6
-249.1,20,55.8
-246.6,21.5,56.8
-244,23.1,57.9
-241.3,24.6,58.9
-238.7,26.2,59.8
-236,27.8,60.6
-233.4,29.6,61.2
-230.6,31.4,61.9
-227.8,33.2,62.6
-225.1,35.2,63.1
-222.3,37.3,63.6
-219.6,39.4,64
-216.8,41.5,64.2
-214,43.8,64.4
-211.1,46,64.4
-208.3,48.3,64.3
-205.6,50.4,64.2
-203.1,52.5,63.9
-200.6,54.6,63.6
-198.2,56.6,63.2
-196,58.6,62.8
-193.8,60.6,62.3
-191.8,62.7,61.7
-189.8,64.8,61.2
-187.9,66.9,60.6
-186.1,69,59.9
-184.3,71.2,59.2
-182.7,73.4,58.5
-181.2,75.4,57.7
-179.9,77.4,57.1
-178.8,79.3,56.4
-178,81.1,55.9
-177.3,82.8,55.4
-176.8,84.6,54.9
-176.4,86.5,54.5
-176,88.5,54
-175.7,90.5,53.6
-175.5,92.6,53.2
-175.4,94.7,52.7
-175.4,96.9,52.3
-175.6,99.1,51.9
-175.9,101.2,51.5
-176.2,103.3,51.2
-176.8,105.4,50.9
-177.5,107.5,50.7
-178.4,109.4,50.5
-179.5,111.3,50.4
-180.9,113,50.6
-182.5,114.6,50.9
-184.3,116.1,51.3
-186.5,117.4,51.9
-188.8,118.7,52.4
-191.3,120,53.1
-194.1,121.1,53.7
-196.9,122.3,54.3
-199.9,123.4,54.9
-203,124.4,55.5
-205.9,125.3,56.1
-208.8,126.3,56.5
-211.7,127,56.8
-214.5,127.8,57.1
-217.5,128.5,57.2
-220.7,129.3,57.3
-224,130.1,57.3
-227.2,131,57.4
-230.5,131.8,57.2
-233.7,132.7,56.9
-236.7,133.6,56.6
-239.8,134.5,56.1
-242.6,135.3,55.6
-245.3,136,55.1
-247.9,136.7,54.5
-250.3,137.4,53.9
-252.7,138,53.2
-255,138.7,52.5
-257.1,139.4,51.8
-259.2,139.9,50.9
-261.1,140.6,50.1
-262.9,141.3,49.2
-264.4,142,48.4
-265.7,142.8,47.6
-266.9,143.5,46.7
-267.9,144.3,45.8
-268.9,145,45
-269.8,145.6,44.2
-270.6,146.2,43.5
-271.5,146.6,42.8
-272.4,146.9,42.2
-273.2,147.1,41.7
-274.2,147.2,41.2
-275.1,147.1,40.9
-276.2,146.8,40.6
-277.2,146.4,40.6
-278.2,145.7,40.6
-279.4,145,40.6
-280.5,144,40.7
-281.6,142.9,41
-282.8,141.6,41.3
-283.9,140.2,41.8
-285.2,138.6,42.2
-286.4,136.9,42.7
-287.7,135.1,43.2
-289,133.1,43.8
-290.4,130.9,44.3
-291.8,128.7,44.8
-293.1,126.3,45.4
-294.4,123.8,45.9
-295.8,121.1,46.3
-297,118.6,46.7
-298.2,115.8,47.1
-299.3,112.9,47.5
-300.4,110,47.8
-301.3,107,48.1
-302.1,104,48.5
-303,100.9,48.7
-303.6,97.9,49.1
-304.2,94.8,49.2
-304.7,91.7,49.4
-305.2,88.7,49.4
-305.7,85.8,49.2
-306.1,82.9,49.1
-306.3,80.3,49
-306.3,78.2,49
-305.9,76.5,49.2
-305.4,74.7,49.6
-304.7,72.9,50
-303.9,71.1,50.5
-303,69.4,51
-302.1,67.6,51.4
-301.1,65.8,51.8
-300.2,63.9,52.1
-299.2,62.1,52.5
-298,60.3,52.9
-296.8,58.6,53.2
-295.6,57,53.5
-294.2,55.3,54
-292.9,53.8,54.4
-291.5,52.3,54.7
-290.1,50.8,55.1
-288.6,49.5,55.5
-287.1,48.2,55.8
-285.6,47,56.2
-284.1,45.8,56.5
-282.4,44.8,56.9
-280.7,43.9,57.4
-278.9,43.1,57.8
-277.1,42.5,58.3
-275.1,42,58.9
-273.2,41.7,59.4
-271.3,41.6,60
-269.3,41.6,60.7
-267.3,41.8,61.4
-265.4,42.2,62
-263.5,42.6,62.7
-261.6,43.2,63.3
-259.9,43.9,63.9
-258.2,44.7,64.5
-256.5,45.5,65.1
-255,46.4,65.6
-253.4,47.3,66.2
-252.1,48.3,66.6
-250.9,49.2,66.9
-249.8,50,67.2
-248.9,50.9,67.5
-248,51.9,67.8
-247.3,52.7,68.1
-246.7,53.7,68.3
-246.2,54.8,68.5
-245.7,55.9,68.7
-245.3,57,69
-245,58.1,69.2
-244.8,59.3,69.4
-244.5,60.6,69.6
-244.2,61.9,69.8
-243.9,63.2,70.1
-243.6,64.6,70.3
-243.4,66,70.4
-243.3,67.5,70.5
-243.1,69,70.7
-242.9,70.7,70.9
-242.7,72.4,71
-242.6,74.2,71.2
-242.4,76,71.2
-242.3,77.8,71.3
-242,79.5,71.4
-241.9,81,71.4
-241.6,82.4,71.5
-241.5,83.7,71.4
-241.4,84.9,71.4
-241.3,86,71.4
-241.3,87.1,71.3
-241.4,88.1,71.3
-241.3,89,71.2
-241.4,89.9,71.1
-241.4,90.7,71
-241.3,91.6,71
-241.3,92.4,70.9
-241.2,93,70.8
-241.2,93.6,70.7
-241.2,94.1,70.6
-241.2,94.4,70.6
-241.3,94.7,70.6
-241.6,94.9,70.5
-241.8,95,70.5
-242,95,70.4
-242.4,95.1,70.4
-242.8,95.1,70.4
-243.2,95,70.4
-243.7,95.1,70.3
-244.2,95.1,70.3
-244.7,95.1,70.3
-245.1,95.2,70.3
-245.5,95.4,70.2
-245.7,95.4,70.2
-245.9,95.4,70.2
-246.1,95.6,70.1
-246.2,95.6,70.1
-246.3,95.6,70.1
-246.2,95.6,70.2
-246.2,95.7,70.1
-246.1,95.8,70.2
-246,95.8,70.1
-245.8,95.8,70.2
-245.6,95.8,70.2
-245.4,95.8,70.2
-245.1,95.9,70.2
-244.9,96,70.2
-244.7,96,70.2
-244.5,96.1,70.2
-244.4,96,70.2
-244.3,96,70.2
-244.4,96,70.2
-244.3,95.9,70.2
-244.3,95.9,70.3
-244.2,95.9,70.3
-244.1,95.9,70.3
-244,96,70.2
-243.8,96.2,70.2
-243.6,96.4,70.2
-243.4,96.7,70.1
-243.2,96.8,70.1
-242.9,96.8,70.1
-242.7,96.7,70.1
-242.6,96.7,70.1
-242.4,96.5,70.2
-242.3,96.3,70.3
-242.1,96.1,70.4
-242.1,95.9,70.4
-242,95.7,70.4
-241.9,95.5,70.5
-241.9,95.3,70.5
-242,95.2,70.5
-242,95.1,70.5
-242.1,95.1,70.5
-242.2,94.9,70.5
-242.4,94.8,70.5
-242.5,94.6,70.5
-242.7,94.4,70.6
-242.8,94.2,70.6
-243,93.9,70.7
-243.2,93.7,70.7
-243.3,93.3,70.7
-243.4,93.1,70.7
-243.5,92.9,70.8
-243.6,92.7,70.8
-243.6,92.6,70.8
-243.6,92.5,70.8
-243.6,92.4,70.8
-243.6,92.2,70.9
-243.6,92.2,70.8
-243.5,92.1,70.9
-243.5,92.1,70.8
-243.5,92.1,70.8
-243.5,92,70.8
-243.4,92,70.9
-243.3,92.1,70.9
-243.3,92,70.9
-243.3,92.1,70.9
-243.2,92.2,70.9
-243.2,92.2,70.9
-243.2,92.3,70.9
-243.2,92.4,70.9
-243.1,92.4,70.9
-243.1,92.4,70.9
-243.1,92.4,70.9
-243.1,92.3,70.9
-243.2,92.2,70.9
-243.2,92.2,70.9
-243.3,92.1,70.9
-243.3,92,70.9
-243.4,91.9,70.9
-243.5,91.8,70.9
-243.6,91.8,70.9
-243.7,91.7,70.9
-243.7,91.7,70.9
-243.8,91.7,70.9
-243.9,91.6,70.9
-244.1,91.4,70.9
-244.1,91.3,71
-244.2,91.2,71
-244.4,90.9,71
-244.5,90.8,71
-244.6,90.5,71
-244.7,90.4,71
-244.8,90.3,71
-244.9,90.2,71
-244.9,90.1,71
-245,90,71
-245,89.8,71
-244.9,89.8,71.1
-244.9,89.7,71.1
-244.9,89.6,71.1
-244.9,89.5,71.1
-244.8,89.4,71.1
-244.7,89.3,71.1
-244.7,89.3,71.1
-244.6,89.2,71.2
-244.6,89.1,71.2
-244.5,89,71.2
-244.4,89.1,71.2
-244.3,89,71.2
-244.3,89,71.2
-244.2,89,71.2
-244.1,89.1,71.2
-244,89.1,71.2
-243.9,89.2,71.1
-243.8,89.3,71.2
-243.8,89.4,71.1
-243.6,89.6,71.2
-243.6,89.8,71.2
-243.6,90,71.1
-243.6,90.1,71.1
-243.5,90.4,71.1
-243.5,90.5,71.1
-243.4,90.7,71
-243.4,90.8,71
-243.3,91,71
-243.3,91.2,71
-243.3,91.3,71
-243.3,91.4,71
-243.2,91.5,71
-243.3,91.6,71
-243.4,91.6,70.9
-243.5,91.7,70.9
-243.6,91.7,70.9
-243.8,91.7,70.9
-243.9,91.7,70.9
-244.1,91.7,70.9
-244.3,91.8,70.8
-244.5,91.8,70.9
-244.8,91.8,70.8
-245.1,91.8,70.8
-245.4,91.8,70.8
-245.7,91.7,70.8
-246,91.6,70.8
-246.5,91.5,70.7
-246.9,91.5,70.7
-247.3,91.3,70.7
-247.8,91.2,70.6
-248.1,91.2,70.6
-248.5,91.1,70.7
-248.8,91.1,70.6
-249.2,91,70.5
-249.5,91,70.5
-249.7,91,70.5
-250.1,91.1,70.4
-250.3,91.1,70.4
-250.6,91,70.4
-250.8,91,70.4
-251,91,70.3
-251.2,91,70.3
-251.5,91.1,70.3
-251.7,91.1,70.3
-251.8,91.1,70.2
-251.9,91.2,70.2
-252.1,91.3,70.2
-252.1,91.6,70.2
-252.2,91.8,70.1
-252.2,92,70.1
-252.1,92.1,70
-252.1,92.3,70
-252.1,92.4,70
-252,92.6,70
-252,92.7,69.9
-252,92.7,69.9
-251.9,92.8,69.9
-251.8,92.9,69.9
-251.7,93,69.9
-251.7,93.2,69.9
-251.6,93.4,69.9
-251.5,93.4,69.9
-251.5,93.5,69.9
-251.4,93.7,69.8
-251.3,93.8,69.9
-251.4,93.7,69.8
-251.4,93.8,69.8
-251.3,93.8,69.9
-251.4,93.9,69.8
-251.5,93.8,69.8
-251.6,93.9,69.8
-251.6,93.9,69.8
-251.8,93.9,69.8
-251.9,93.8,69.8
-252,93.8,69.8
-252.2,93.7,69.8
-252.3,93.6,69.8
-252.5,93.6,69.7
-252.7,93.5,69.7
-252.9,93.3,69.7
-253,93.2,69.7
-253.1,93,69.7
-253.3,92.8,69.6
-253.3,92.7,69.8
-253.5,92.5,69.7
-253.7,92.4,69.7
-253.8,92.4,69.8
-253.9,92.4,69.8
-254,92.5,69.7
-254,92.6,69.6
-254,92.8,69.6
-253.9,93,69.6
-253.8,93.2,69.7
-253.7,93.3,69.6
-253.6,93.5,69.6
-253.4,93.6,69.6
-253.3,93.9,69.6
-253.2,94,69.6
-253.1,94.2,69.5
-253.1,94.4,69.5
-253,94.5,69.5
-253,94.5,69.6
-253,94.6,69.5
-253,94.6,69.5
-253,94.6,69.5
-252.9,94.7,69.5
-252.8,94.8,69.5
-252.7,94.9,69.5
-252.5,95.2,69.5
-252.4,95.3,69.5
-252.1,95.5,69.5
-252,95.7,69.5
-251.8,95.8,69.5
-251.8,95.8,69.5
-251.7,95.7,69.5
-251.7,95.5,69.6
-251.8,95.3,69.6
-251.9,95,69.6
-251.9,94.7,69.6
-252,94.4,69.7
-252.1,94,69.8
-252.2,93.5,69.8
-252.4,93.1,69.8
-252.5,92.8,69.8
-252.7,92.4,69.9
-252.8,92.1,70
-253,91.7,70
-253.2,91.4,69.9
-253.5,91,70
-253.8,90.6,69.9
-254.2,90.2,70
-254.6,89.8,69.9
-255,89.5,69.9
-255.5,89.1,69.9
-256,88.7,69.8
-256.4,88.4,69.7
-256.8,88,69.7
-257.1,87.6,69.7
-257.5,87.2,69.7
-258,86.8,69.6
-258.4,86.6,69.7
-258.9,86.4,69.6
-259.4,86.5,69.4
-259.9,86.6,69.3
-260.3,86.8,69.2
-260.8,87,69.1
-261.3,87.2,69
-261.8,87.5,68.8
-262.3,87.8,68.6
-262.6,88.1,68.6
-263,88.4,68.4
-263.3,88.7,68.4
-263.6,89,68.3
-263.8,89.1,68.2
-264,89.3,68.2
-264.1,89.4,68.2
-264.3,89.4,68
-264.3,89.5,68.1
-264.4,89.5,68.1
-264.3,89.5,68
-264.2,89.5,68.1
-264,89.5,68.2
-264,89.4,68.1
-263.8,89.4,68.2
-263.6,89.5,68.3
-263.4,89.6,68.3
-263.2,89.7,68.3
-263,89.8,68.4
-262.7,89.9,68.4
-262.5,89.8,68.4
-262.2,89.8,68.5
-262.1,89.7,68.5
-262.1,89.7,68.5
-262.1,89.6,68.6
-262.1,89.5,68.6
-262.2,89.5,68.5
-262.3,89.5,68.6
-262.5,89.5,68.5
-262.6,89.4,68.5
-262.7,89.4,68.5
-262.8,89.4,68.4
-262.9,89.4,68.4
-263.1,89.4,68.3
-263.3,89.4,68.3
-263.5,89.4,68.3
-263.7,89.5,68.1
-263.9,89.5,68.2
-264.1,89.5,68.1
-264.3,89.4,68.1
-264.5,89.2,68
-264.6,89.1,68
-264.9,89.1,68
-265.1,88.9,67.9
-265.3,88.9,67.8
-265.5,88.9,67.8
-265.7,88.9,67.8
-265.7,88.9,67.8
-265.8,88.9,67.7
-265.7,89,67.8
-265.7,89,67.8
-265.5,89,67.8
-265.4,89,67.8
-265.2,88.9,67.9
-265,88.8,68
-264.7,88.8,68
-264.3,88.7,68.1
-263.8,88.5,68.3
-263.3,88.3,68.4
-262.8,88.1,68.6
-262.4,87.9,68.7
-261.9,87.8,68.8
-261.6,87.6,68.8
-261.2,87.5,68.9
-260.7,87.3,69
-260.3,87.2,69.1
-259.9,87,69.2
-259.5,86.7,69.4
-259.3,86.4,69.4
-259,86.2,69.5
-258.8,85.8,69.6
-258.7,85.6,69.5
-258.5,85.4,69.6
-258.3,85.1,69.6
-258,84.9,69.7
-257.7,84.7,69.8
-257.4,84.5,69.9
-257.1,84.4,70
-256.7,84.3,70
-256.3,84.1,70.1
-255.8,83.9,70.2
-255.4,83.7,70.2
-254.9,83.4,70.3
-254.3,83.2,70.4
-253.9,83,70.5
-253.4,82.9,70.6
-253.1,82.7,70.6
-252.7,82.6,70.7
-252.5,82.5,70.6
-252.1,82.4,70.8
-251.9,82.3,70.8
-251.7,82.1,70.8
-251.4,82,70.9
-251.4,81.8,70.9
-251.4,81.7,70.9
-251.5,81.7,70.9
-251.5,81.7,70.9
-251.7,81.8,70.9
-252.1,81.8,70.8
-252.4,81.9,70.8
-252.7,82,70.7
-253.1,82,70.7
-253.6,82.1,70.6
-254.1,82.1,70.5
-254.6,82.1,70.4
-255,82.2,70.4
-255.5,82.2,70.3
-255.9,82.2,70.3
-256.3,82.3,70.2
-256.6,82.3,70.2
-256.8,82.2,70.1
-257,82.1,70.1
-257.1,81.9,70.1
-257.2,81.7,70.1
-257.4,81.5,70.1
-257.6,81.3,70
-257.8,81.1,70
-257.9,80.9,70
-258.1,80.7,69.8
-258.1,80.6,69.9
-258.1,80.3,70
-258.1,80.2,70
-258.1,80.1,70
-258.2,79.9,69.9
-258.2,79.9,69.9
-258.4,80,69.9
-258.6,80.1,69.8
-258.8,80.3,69.8
-259,80.4,69.8
-259.2,80.6,69.7
-259.4,80.7,69.7
-259.5,80.9,69.7
-259.6,81,69.6
-259.6,81.2,69.7
-259.5,81.3,69.7
-259.6,81.5,69.6
-259.6,81.7,69.6
-259.7,81.9,69.7
-259.9,82,69.6
-260.1,82.2,69.5
-260.3,82.3,69.5
-260.4,82.4,69.5
-260.4,82.4,69.5
-260.5,82.5,69.4
-260.5,82.5,69.4
-260.4,82.5,69.4
-260.5,82.5,69.4
-260.4,82.5,69.4
-260.4,82.5,69.5
-260.5,82.5,69.4
-260.4,82.6,69.4
-260.3,82.6,69.4
-260.2,82.6,69.5
-260,82.6,69.5
-259.8,82.8,69.5
-259.6,82.9,69.5
-259.4,83.2,69.6
-259.4,83.6,69.6
-259.5,83.9,69.5
-259.6,84.2,69.5
-259.7,84.5,69.5
-259.9,84.9,69.5
-260,85.2,69.4
-260.2,85.5,69.3
-260.1,85.7,69.4
-260.1,85.8,69.3
-260.2,85.8,69.2
-260.2,85.9,69.2
-260.3,85.9,69.2
-260.6,85.9,69.2
-260.8,85.9,69.1
-261,86,69.1
-261.3,86,69.1
-261.5,86.2,69
-261.7,86.2,68.9
-261.8,86.3,68.9
-261.8,86.4,68.9
-261.8,86.5,68.9
-261.9,86.5,68.9
-262,86.6,68.8
-262.1,86.8,68.8
-262.2,87,68.8
-262.4,87.1,68.7
-262.5,87.3,68.7
-262.6,87.5,68.6
-262.6,87.6,68.6
-262.6,87.7,68.6
-262.5,87.8,68.7
-262.5,87.9,68.7
-262.5,87.8,68.7
-262.4,87.9,68.7
-262.5,87.8,68.7
-262.5,87.7,68.6
-262.5,87.6,68.7
-262.5,87.5,68.7
-262.4,87.4,68.7
-262.2,87.3,68.8
-262.1,87,68.8
-261.9,86.7,68.8
-261.5,86.3,69
-261.1,85.8,69.1
-260.8,85.3,69.2
-260.4,84.9,69.3
-260.2,84.4,69.4
-260.1,84.1,69.4
-259.9,83.9,69.4
-259.7,83.7,69.5
-259.6,83.4,69.6
-259.4,83.3,69.6
-259.3,83.1,69.6
-259.1,82.9,69.7
-259,82.6,69.7
-258.9,82.5,69.7
-258.9,82.4,69.7
-258.8,82.4,69.7
-258.8,82.7,69.7
-258.6,83,69.8
-258.5,83.2,69.8
-258.5,83.6,69.7
-258.5,84,69.7
-258.6,84.3,69.7
-258.9,84.5,69.6
-259.1,84.7,69.6
-259.4,84.7,69.5
-259.7,84.6,69.5
-260,84.4,69.4
-260.3,84.1,69.4
-260.5,83.6,69.4
-260.6,83.1,69.3
-260.7,82.6,69.3
-260.6,82.1,69.4
-260.6,81.6,69.4
-260.5,81.4,69.4
-260.5,81.3,69.5
-260.4,81.2,69.5
-260.3,81.1,69.5
-260.3,81.2,69.5
-260.2,81.3,69.5
-260.2,81.4,69.5
-260.2,81.6,69.5
-260.2,81.8,69.5
-260.3,82.1,69.4
-260.3,82.4,69.4
-260.5,83,69.4
-260.8,83.6,69.3
-261.1,84.2,69.2
-261.4,84.6,69.1
-261.6,84.9,69
-261.7,85.1,69
-261.7,85.2,69
-261.8,85.2,69
-261.7,85.1,69
-261.6,85,69
-261.5,84.8,69.1
-261.4,84.5,69.1
-261.3,84.3,69.2
-261.2,84.1,69.2
-261,83.9,69.2
-260.9,83.7,69.3
-260.9,83.5,69.2
-260.8,83.3,69.3
-260.7,83.1,69.3
-260.7,83,69.3
-260.6,82.9,69.4
-260.5,82.8,69.4
-260.5,82.8,69.4
-260.5,82.8,69.4
-260.5,82.8,69.4
-260.4,82.9,69.4
-260.5,82.9,69.4
-260.5,83.1,69.4
-260.5,83.1,69.4
-260.5,83.2,69.4
-260.5,83.3,69.4
-260.6,83.4,69.3
-260.6,83.5,69.4
-260.7,83.6,69.3
-260.8,83.7,69.3
-260.8,83.8,69.3
-260.9,83.9,69.2
-261,84,69.2
-261.1,84.1,69.2
-261.1,84.1,69.2
-261.2,84.1,69.2
-261.2,84.2,69.2
-261.2,84.2,69.2
-261.2,84.3,69.2
-261.2,84.4,69.2
-261.2,84.5,69.2
-261.2,84.7,69.1
-261.3,84.9,69.1
-261.4,85.1,69.1
-261.3,85.3,69.1
-261.5,85.3,69.1
-261.6,85.4,69
-261.7,85.6,69
-261.9,85.7,68.9
-262.1,85.8,68.9
-262.2,85.9,68.9
-262.4,86,68.8
-262.4,86.1,68.8
-262.4,86,68.8
-262.4,86,68.8
-262.4,86,68.8
-262.5,85.9,68.8
-262.5,86,68.8
-262.6,86,68.8
-262.7,86,68.7
-262.9,86,68.7
-262.9,85.9,68.7
-262.8,85.9,68.7
-262.7,85.7,68.8
-262.7,85.6,68.8
-262.6,85.5,68.8
-262.5,85.3,68.9
-262.5,85.3,68.9
-262.4,85.2,68.9
-262.4,85.2,68.9
-262.4,85.2,68.9
-262.4,85.3,68.9
-262.5,85.4,68.9
-262.6,85.5,68.8
-262.7,85.6,68.8
-262.9,85.8,68.8
-263.2,86,68.6
-263.4,86.2,68.6
-263.6,86.3,68.5
-263.8,86.4,68.5
-263.9,86.5,68.5
-264,86.5,68.4
-264.1,86.6,68.4
-264,86.5,68.5
-264,86.5,68.4
-264.1,86.4,68.4
-264,86.3,68.5
-264,86.2,68.5
-263.9,86.1,68.5
-263.9,86,68.5
-263.9,85.9,68.5
-263.9,85.9,68.5
-263.9,85.8,68.5
-263.8,85.8,68.6
-263.8,85.8,68.5
-263.8,85.8,68.5
-263.8,85.8,68.5
-263.9,85.8,68.5
-263.9,85.8,68.5
-264,85.9,68.5
-264.1,85.9,68.4
-264.3,86,68.4
-264.6,86,68.3
-264.7,86.1,68.3
-264.9,86.1,68.3
-265,86.3,68.2
-265.2,86.3,68.2
-265.3,86.4,68.2
-265.3,86.3,68.2
-265.4,86.4,68.1
-265.4,86.4,68.1
-265.5,86.4,68.1
-265.6,86.4,68
-265.5,86.4,68.1
-265.5,86.4,68.1
-265.4,86.5,68.2
-265.4,86.5,68.2
-265.3,86.6,68.1
-265.3,86.6,68.1
-265.2,86.7,68.1
-265.1,86.8,68.1
-265,86.9,68.2
-264.9,86.9,68.2
-264.8,87,68.2
-264.6,87,68.3
-264.4,87,68.3
-264.2,87,68.4
-264.2,87,68.4
-264.1,86.9,68.4
-264.1,86.9,68.4
-264.2,86.9,68.4
-264.2,86.8,68.4
-264.2,86.8,68.4
-264.1,86.8,68.4
-264.1,86.8,68.4
-264,86.8,68.5
-263.9,86.8,68.5
-263.8,86.7,68.5
-263.5,86.7,68.6
-263.3,86.6,68.7
-263,86.4,68.7
-262.9,86.3,68.7
-262.6,86.2,68.8
-262.5,86.1,68.9
-262.5,86,68.8
-262.5,85.9,68.8
-262.5,85.9,68.8
-262.6,85.8,68.8
-262.6,85.8,68.8
-262.7,85.8,68.8
-262.7,85.9,68.8
-262.8,85.9,68.8
-262.8,86,68.7
-262.8,86,68.7
-262.8,86.1,68.7
-262.9,86.2,68.7
-262.9,86.3,68.7
-263,86.4,68.6
-263.1,86.5,68.6
-263.4,86.6,68.5
-263.5,86.7,68.6
-263.7,86.8,68.5
-264,86.9,68.4
-264.2,87.1,68.4
-264.4,87.1,68.3
-264.6,87.2,68.2
-264.7,87.2,68.2
-264.6,87.2,68.3
-264.6,87.2,68.3
-264.6,87.1,68.3
-264.5,87.1,68.3
-264.5,87.1,68.3
-264.4,87,68.3
-264.3,87.1,68.4
-264.2,87,68.4
-264.2,87,68.4
-264.1,87.1,68.4
-264.1,87.1,68.4
-264.1,87.1,68.4
-264,87.1,68.4
-264,87.2,68.4
-263.9,87.2,68.4
-263.9,87.2,68.4
-263.8,87.1,68.4
-263.7,87.2,68.4
-263.6,87.1,68.5
-263.5,87.1,68.5
-263.4,87.1,68.5
-263.2,87,68.6
-263,87,68.7
-263,86.9,68.6
-262.9,86.9,68.7
-262.9,86.9,68.6
-262.9,86.9,68.6
-262.9,86.9,68.7
-262.9,86.9,68.6
-262.9,86.9,68.6
-262.9,86.9,68.6
-262.9,86.9,68.6
-262.9,86.9,68.7
-262.8,86.9,68.7
-262.8,86.9,68.7
-262.7,86.8,68.7
-262.6,86.8,68.7
-262.5,86.6,68.8
-262.3,86.6,68.8
-262.2,86.5,68.9
-262.2,86.5,68.8
-262.2,86.4,68.9
-262.1,86.4,68.9
-262.1,86.4,68.9
-262.1,86.4,68.9
-262.1,86.4,68.8
-262.1,86.4,68.9
-262.1,86.4,68.9
-262.1,86.4,68.8
-262.1,86.4,68.9
-262.1,86.3,68.9
-262.1,86.4,68.9
-262.1,86.4,68.9
-262.2,86.4,68.8
-262.3,86.4,68.8
-262.3,86.4,68.8
-262.3,86.5,68.8
-262.3,86.5,68.8
-262.4,86.6,68.8
-262.4,86.6,68.8
-262.4,86.7,68.8
-262.3,86.7,68.8
-262.4,86.7,68.8
-262.3,86.7,68.8
-262.3,86.7,68.8
-262.3,86.7,68.8
-262.3,86.7,68.8
-262.3,86.7,68.8
-262.3,86.6,68.8
-262.3,86.6,68.8
-262.3,86.5,68.8
-262.3,86.4,68.8
-262.2,86.4,68.8
-262.2,86.4,68.8
-262.2,86.4,68.8
-262.2,86.4,68.8
-262.2,86.5,68.8
-262.1,86.6,68.8
-262,86.6,68.9
-261.9,86.7,68.9
-261.9,86.7,68.9
-261.8,86.8,68.9
-261.7,86.8,68.9
-261.6,86.9,68.9
-261.4,86.9,69
-261.4,87,69
-261.5,87,68.9
-261.6,87.2,68.9
-261.7,87.3,68.8
-261.9,87.4,68.8
-262,87.5,68.8
-262.1,87.6,68.7
-262.2,87.6,68.8
-262.4,87.7,68.7
-262.4,87.8,68.7
-262.5,87.8,68.6
-262.5,87.8,68.6
-262.5,87.8,68.6
-262.4,87.8,68.7
-262.3,87.7,68.7
-262.2,87.5,68.8
-262.1,87.4,68.8
-262,87.3,68.8
-261.9,87.2,68.8
-261.8,87,68.8
-261.6,86.8,68.9
-261.4,86.7,69
-261.2,86.6,69
-261.1,86.3,69.1
-261,86.3,69.1
-260.9,86.2,69.1
-261,86.3,69
-260.9,86.3,69.1
-261,86.3,69.1
-261,86.4,69.1
-261.1,86.4,69.1
-261.2,86.5,69
-261.3,86.6,69
-261.5,86.7,68.9
-261.6,86.7,68.9
-261.7,86.9,68.9
-261.8,87,68.8
-261.9,87,68.9
-261.9,87.1,68.8
-262,87.2,68.8
-262.1,87.3,68.8
-262.1,87.3,68.8
-262.3,87.5,68.7
-262.3,87.6,68.7
-262.5,87.7,68.6
-262.5,87.8,68.6
-262.7,87.9,68.5
-262.7,88,68.6
-262.7,88,68.6
-262.9,88.1,68.6
-262.9,88.1,68.6
-263,88.2,68.5
-263.1,88.2,68.5
-263.1,88.2,68.4
-263.1,88.3,68.5
-263.1,88.3,68.5
-263.1,88.3,68.4
-263.1,88.3,68.5
-263.2,88.3,68.5
-263.2,88.3,68.5
-263.3,88.4,68.4
-263.3,88.4,68.4
-263.4,88.4,68.4
-263.5,88.5,68.4
-263.5,88.5,68.4
-263.6,88.5,68.4
-263.7,88.6,68.3
-263.7,88.7,68.4
-263.9,88.7,68.3
-263.9,88.8,68.2
-264,88.8,68.2
-264,88.8,68.2
-264.1,88.9,68.2
-264.1,88.9,68.2
-264.1,89,68.2
-264.1,89,68.2
-264.1,89.1,68.2
-264.1,89,68.2
-264.1,89,68.2
-264.1,89.1,68.2
-264.1,89.1,68.2
-264.1,89.2,68.1
-264.2,89.2,68.1
-264.2,89.2,68.1
-264.2,89.2,68.1
-264.3,89.2,68.1
-264.3,89.2,68.1
-264.3,89.2,68.1
-264.3,89.1,68.1
-264.4,89.1,68.2
-264.4,89.2,68.2
-264.4,89.2,68.1
-264.4,89.2,68.1
-264.4,89.2,68.1
-264.5,89.2,68.1
-264.5,89.3,68.1
-264.6,89.3,68.1
-264.7,89.4,68
-264.7,89.5,68
-264.8,89.5,67.9
-264.9,89.5,67.9
-264.9,89.5,68
-265,89.6,67.9
-265,89.6,67.9
-265,89.6,67.9
-265.1,89.6,67.8
-265.1,89.6,67.9
-265.1,89.6,67.9
-265.1,89.6,67.9
-265.1,89.6,67.9
-265.1,89.6,67.9
-265.2,89.7,67.9
-265.2,89.7,67.9
-265.2,89.7,67.9
-265.2,89.7,67.9
-265.3,89.8,67.8
-265.3,89.8,67.9
-265.3,89.9,67.8
-265.4,89.9,67.8
-265.5,90,67.7
-265.5,90,67.8
-265.5,90.1,67.7
-265.6,90.2,67.7
-265.6,90.2,67.7
-265.7,90.2,67.7
-265.7,90.2,67.7
-265.6,90.2,67.7
-265.6,90.2,67.7
-265.6,90.2,67.7
-265.7,90.3,67.7
-265.7,90.3,67.7
-265.7,90.3,67.7
-265.8,90.3,67.7
-265.9,90.4,67.6
-266,90.5,67.6
-266,90.6,67.6
-266.1,90.7,67.6
-266.2,90.7,67.5
-266.2,90.7,67.5
-266.2,90.8,67.5
-266.1,90.8,67.5
-266.1,90.7,67.5
-266,90.9,67.5
-265.9,90.8,67.6
-265.8,90.8,67.6
-265.7,90.9,67.6
-265.6,90.9,67.6
-265.5,90.9,67.6
-265.3,90.9,67.7
-265.4,90.9,67.7
-265.3,91,67.7
-265.4,91,67.7
-265.4,90.9,67.7
-265.5,90.9,67.7
-265.5,90.9,67.7
-265.5,90.9,67.7
-265.5,90.9,67.7
-265.5,90.8,67.7
-265.5,90.8,67.7
-265.4,90.7,67.7
-265.3,90.7,67.7
-265.2,90.6,67.8
-265.1,90.5,67.8
-265,90.4,67.8
-264.8,90.3,67.9
-264.8,90.2,67.9
-264.6,90.2,68
-264.6,90.2,68
-264.5,90.1,68
-264.6,90.1,68
-264.6,90.1,68
-264.6,90.2,67.9
-264.7,90.2,67.9
-264.7,90.1,68
-264.7,90.2,67.9
-264.6,90.1,68
-264.6,90.1,67.9
-264.5,90.1,68
-264.5,90.1,68
-264.4,90.1,68
-264.3,90,68.1
-264.2,90.1,68.1
-264.2,90.1,68.1
-264.1,90.2,68.1
-264.2,90.2,68
-264.2,90.3,68
-264.3,90.4,68
-264.3,90.5,68
-264.4,90.6,68
-264.5,90.7,67.9
-264.5,90.7,67.9
-264.5,90.8,67.9
-264.5,90.8,67.9
-264.4,90.9,68
-264.4,90.9,67.9
-264.4,90.9,67.9
-264.4,90.8,67.9
-264.3,90.8,67.9
-264.3,90.8,67.9
-264.3,90.8,67.9
-264.3,90.7,67.9
-264.3,90.7,68
-264.3,90.7,67.9
-264.2,90.7,68
-264.2,90.7,68
-264.2,90.6,68
-264.1,90.6,68
-264.1,90.6,68
-264.1,90.6,68
-264.1,90.6,68
-264,90.6,68.1
-263.9,90.6,68.1
-263.9,90.5,68.1
-263.9,90.6,68.1
-263.9,90.6,68.1
-263.9,90.6,68.1
-263.9,90.6,68.1
-263.9,90.6,68.1
-263.9,90.6,68.1
-263.9,90.6,68.1
-263.9,90.7,68
-263.9,90.7,68
-264,90.7,68
-264,90.7,68
-264.1,90.8,68
-264.1,90.8,68
-264.1,90.8,68
-264.1,90.8,68
-264.1,90.8,68
-264.1,90.9,68
-264.2,90.9,68
-264.2,91,68
-264.2,91,68
-264.2,91,68
-264.3,91,67.9
-264.3,91.1,67.9
-264.3,91.1,67.9
-264.3,91.2,67.9
-264.4,91.3,67.9
-264.4,91.3,67.9
-264.5,91.4,67.9
-264.6,91.5,67.8
-264.5,91.5,67.9
-264.6,91.5,67.8
-264.6,91.5,67.8
-264.6,91.5,67.8
-264.6,91.5,67.9
-264.6,91.5,67.8
-264.6,91.5,67.8
-264.5,91.4,67.9
-264.5,91.4,67.9
-264.5,91.4,67.9
-264.5,91.4,67.9
-264.4,91.4,67.9
-264.4,91.3,67.9
-264.4,91.3,67.9
-264.4,91.3,67.9
-264.4,91.3,67.9
-264.4,91.3,67.9
-264.4,91.3,67.9
-264.5,91.3,67.9
-264.5,91.3,67.9
-264.5,91.3,67.8
-264.5,91.3,67.9
-264.5,91.3,67.9
-264.5,91.3,67.9
-264.5,91.3,67.9
-264.5,91.3,67.9
-264.5,91.3,67.9
-264.5,91.3,67.9
-264.5,91.3,67.9
-264.5,91.3,67.9
-264.5,91.3,67.9
-264.5,91.2,67.9
-264.5,91.2,67.9
-264.6,91.2,67.9
-264.6,91.2,67.8
-264.6,91.2,67.8
-264.6,91.3,67.8
-264.7,91.3,67.8
-264.7,91.3,67.8
-264.7,91.3,67.8
-264.8,91.4,67.8
-264.9,91.4,67.7
-264.8,91.4,67.8
-264.8,91.4,67.8
-264.9,91.4,67.8
-264.9,91.3,67.8
-264.9,91.3,67.8
-264.9,91.2,67.8
-264.8,91.2,67.8
-264.8,91.2,67.8
-264.8,91.1,67.8
-264.8,91.1,67.8
-264.8,91.1,67.8
-264.8,91.1,67.8
-264.8,91.1,67.8
-264.8,91.1,67.8
-264.8,91.1,67.8
-264.8,91.1,67.8
