29.972 -31.496 0.0 -218.689827444 92.5512756556 -42.5256193463 
29.972 -31.496 0.0 -218.588798316 92.5275414873 -42.4720046117 
29.972 -31.496 0.0 -218.642502815 92.5326028122 -42.5259897933 
29.972 -31.496 0.0 -218.683451199 92.5579041394 -42.4786508719 
29.972 -31.496 0.0 -218.650236143 92.4739409304 -42.5508657601 
29.972 -31.496 0.0 -218.619845388 92.5206563524 -42.5121222593 
29.972 -31.496 0.0 -218.652760738 92.5757024746 -42.47688561 
29.972 -31.496 0.0 -218.735681081 92.5109540693 -42.5472796938 
29.972 -31.496 0.0 -218.622527384 92.5478308136 -42.5097683934 
29.972 -31.496 0.0 -218.691161772 92.4759698924 -42.4616392484 
29.972 -31.496 0.0 -218.61891599 92.5888424099 -42.5277363429 
29.972 -31.496 0.0 -218.623782995 92.5344658443 -42.481187456 
29.972 -31.496 0.0 -218.65521991 92.5796751923 -42.5502157981 
29.972 -31.496 0.0 -218.664829519 92.5123944306 -42.5144982758 
29.972 -31.496 0.0 -218.705090078 92.5083955525 -42.4588203049 
29.972 -31.496 0.0 -218.731008667 92.5222212011 -42.510225483 
29.972 -31.496 0.0 -218.717367516 92.5451409792 -42.4466161116 
29.972 -31.496 0.0 -218.710891192 92.4881071973 -42.4860165156 
29.972 -31.496 0.0 -218.65285328 92.5564628627 -42.4196446718 
29.972 -31.496 0.0 -218.761345021 92.5610488742 -42.5685080568 
29.972 -31.496 0.0 -218.71072498 92.5414022201 -42.5029030112 
29.972 -31.496 0.0 -218.737126952 92.5150917895 -42.5442596895 
29.972 -31.496 0.0 -218.669686992 92.5556893859 -42.4896337944 
29.972 -31.496 0.0 -218.721726116 92.5289077505 -42.5376349521 
29.972 -31.496 0.0 -218.721992785 92.5045591282 -42.4911553003 
29.972 -31.496 0.0 -218.693398312 92.4818295295 -42.4387888051 
29.972 -31.496 0.0 -218.698654603 92.4726292432 -42.4934709253 
29.972 -31.496 0.0 -218.736865311 92.4904258361 -42.549415363 
29.972 -31.496 0.0 -218.703358061 92.5761391666 -42.4988406706 
29.972 -31.496 0.0 -218.677018277 92.5247117673 -42.557537721 
29.972 -31.496 0.0 -218.673942819 92.5721405143 -42.600820836 
29.972 -31.496 0.0 -218.675345597 92.5165564062 -42.5452844167 
29.972 -31.496 0.0 -218.685235376 92.5796089241 -42.586363298 
29.972 -31.496 0.0 -218.675001678 92.5392249827 -42.636991016 
29.972 -31.496 0.0 -218.696696942 92.5307995846 -42.5662004646 
29.972 -31.496 0.0 -218.710485638 92.5107149304 -42.6005319477 
29.972 -31.496 0.0 -218.743842627 92.5196972784 -42.6220209922 
29.972 -31.496 0.0 -218.686283664 92.5672729433 -42.5337786488 
29.972 -31.496 0.0 -218.615194608 92.6239165899 -42.5491291768 
29.972 -31.496 0.0 -218.648823066 92.524284549 -42.5555820546 
29.972 -31.496 0.0 -218.66834504 92.5563704737 -42.5631414292 
29.972 -31.496 0.0 -218.673852724 92.5201730067 -42.5724968979 
29.972 -31.496 0.0 -218.676240475 92.512997908 -42.5794647454 
29.972 -31.496 0.0 -218.695620368 92.5518037665 -42.5779903002 
29.972 -31.496 0.0 -218.702270828 92.5061603467 -42.580889813 
29.972 -31.496 0.0 -218.69431705 92.4715373835 -42.6862566269 
29.972 -31.496 0.0 -218.661095946 92.564289713 -42.5740383039 
29.972 -31.496 0.0 -218.684593776 92.5646764678 -42.5687242453 
29.972 -31.496 0.0 -218.719238062 92.4775121093 -42.5652473737 
29.972 -31.496 0.0 -218.656042751 92.5715868327 -42.5569734396 
29.972 -31.496 0.0 -218.678775254 92.5685688071 -42.6519534968 
29.972 -31.496 0.0 -218.725411449 92.5912565701 -42.5446232685 
29.972 -31.496 0.0 -218.678103087 92.5395274194 -42.5289955564 
29.972 -31.496 0.0 -218.698719121 92.5666451392 -42.5265929109 
29.972 -31.496 0.0 -218.728683 92.5074870888 -42.6186496968 
29.972 -31.496 0.0 -218.743167495 92.5732264739 -42.6178886814 
29.972 -31.496 0.0 -218.667665161 92.5618101164 -42.6146916813 
29.972 -31.496 0.0 -218.676267442 92.5721228583 -42.6104072098 
29.972 -31.496 0.0 -218.696206695 92.5062401972 -42.6068864563 
29.972 -31.496 0.0 -218.702268816 92.5491980168 -42.6016185774 
29.972 -31.496 0.0 -218.693561886 92.5089129951 -42.6037595441 
29.972 -31.496 0.0 -218.694915855 92.4914901542 -42.6032525746 
29.972 -31.496 0.0 -218.697659549 92.5693390144 -42.6017352456 
29.972 -31.496 0.0 -218.697722024 92.5566533727 -42.6016620773 
29.972 -31.496 0.0 -218.710515648 92.5284256298 -42.5959865276 
29.972 -31.496 0.0 -218.732053757 92.5046060778 -42.5910765336 
29.972 -31.496 0.0 -218.755656748 92.5389116019 -42.5845032612 
67.2084 -10.6934 0.0 -180.092848102 110.541632768 56.2704593943 
67.2084 -10.6934 0.0 -180.078461979 110.53463176 56.2625321025 
67.2084 -10.6934 0.0 -180.077348149 110.535405246 56.2623031677 
67.2084 -10.6934 0.0 -180.078750218 110.529819025 56.2598794133 
67.2084 -10.6934 0.0 -180.061874963 110.529150108 56.2541784321 
67.2084 -10.6934 0.0 -180.04862518 110.521344923 56.2465120348 
67.2084 -10.6934 0.0 -180.021893169 110.518079678 56.2331565898 
67.2084 -10.6934 0.0 -180.017709879 110.517460889 56.2337025728 
67.2084 -10.6934 0.0 -180.007596471 110.527244448 56.3279761896 
67.2084 -10.6934 0.0 -180.082242967 110.527075116 56.315583814 
67.2084 -10.6934 0.0 -180.056074269 110.53151881 56.3037218138 
67.2084 -10.6934 0.0 -180.052469724 110.538630589 56.3057314661 
67.2084 -10.6934 0.0 -180.051698407 110.55948473 56.3089321071 
67.2084 -10.6934 0.0 -180.039306147 110.563274631 56.3034805836 
67.2084 -10.6934 0.0 -180.039833661 110.55478684 56.3022395735 
67.2084 -10.6934 0.0 -180.027966878 110.550090978 56.2955520084 
67.2084 -10.6934 0.0 -180.029303801 110.536991781 56.293800364 
67.2084 -10.6934 0.0 -180.030350402 110.520010916 56.2913293278 
67.2084 -10.6934 0.0 -180.028320306 110.501658244 56.2896482675 
67.2084 -10.6934 0.0 -180.016393684 110.580712328 56.2803054346 
67.2084 -10.6934 0.0 -180.004229454 110.572136413 56.2729172081 
67.2084 -10.6934 0.0 -180.105264286 110.555150476 56.2704708991 
67.2084 -10.6934 0.0 -180.102710825 110.545298961 56.2700440826 
67.2084 -10.6934 0.0 -180.006013285 110.534278365 56.3673180296 
67.2084 -10.6934 0.0 -180.093560863 110.52181366 56.2592308289 
67.2084 -10.6934 0.0 -179.993280316 110.617928271 56.3585207914 
67.2084 -10.6934 0.0 -180.077807412 110.52037388 56.2538773034 
67.2084 -10.6934 0.0 -180.077574841 110.532753235 56.3558049696 
67.2084 -10.6934 0.0 -180.076777808 110.537359457 56.3563103864 
67.2084 -10.6934 0.0 -180.064091953 110.537272226 56.3501632616 
67.2084 -10.6934 0.0 -180.061263811 110.523536537 56.3490419439 
67.2084 -10.6934 0.0 -180.052152584 110.516310829 56.3408765377 
67.2084 -10.6934 0.0 -180.050350296 110.585590609 56.3373465237 
67.2084 -10.6934 0.0 -180.051837888 110.543830395 56.3311254904 
67.2084 -10.6934 0.0 -180.063923846 110.567537796 56.3269602079 
67.2084 -10.6934 0.0 -180.102850659 110.549625695 56.3292430639 
67.2084 -10.6934 0.0 -180.143967324 110.501504812 56.3280510754 
67.2084 -10.6934 0.0 -180.099112039 110.478885288 56.3233188675 
67.2084 -10.6934 0.0 -180.078287441 110.520917952 56.22902596 
67.2084 -10.6934 0.0 -180.076910018 110.527798818 56.3367071964 
67.2084 -10.6934 0.0 -180.095546263 110.502755726 56.257754002 
67.2084 -10.6934 0.0 -180.118655178 110.544091962 56.2778139965 
67.2084 -10.6934 0.0 -180.057030411 110.48219676 56.3068076403 
67.2084 -10.6934 0.0 -180.10396304 110.523939356 56.2471118998 
67.2084 -10.6934 0.0 -180.078308585 110.483922566 56.304804123 
67.2084 -10.6934 0.0 -180.139020078 110.46094319 56.2609061167 
67.2084 -10.6934 0.0 -180.092852251 110.460233737 56.2139577996 
67.2084 -10.6934 0.0 -180.155192686 110.476316925 56.2781218384 
67.2084 -10.6934 0.0 -180.032462416 110.515560968 56.2523956647 
67.2084 -10.6934 0.0 -180.080824236 110.466415874 56.2168273903 
67.2084 -10.6934 0.0 -180.131013545 110.466554872 56.2847478388 
67.2084 -10.6934 0.0 -180.127204954 110.482886328 56.2280223037 
67.2084 -10.6934 0.0 -180.112979812 110.452028708 56.1666102689 
67.2084 -10.6934 0.0 -180.096852568 110.495094618 56.3074765413 
67.2084 -10.6934 0.0 -180.112593071 110.410040215 56.2159512283 
67.2084 -10.6934 0.0 -180.112893752 110.415893471 56.2195358175 
67.2084 -10.6934 0.0 -180.169750634 110.381252041 56.2046055683 
67.2084 -10.6934 0.0 -180.093017127 110.406116495 56.1707045813 
67.2084 -10.6934 0.0 -180.107432447 110.454280167 56.2393233385 
67.2084 -10.6934 0.0 -180.069966464 110.416274682 56.1827104737 
67.2084 -10.6934 0.0 -180.105261762 110.397715015 56.215524412 
67.2084 -10.6934 0.0 -180.100054346 110.406580282 56.232314964 
67.2084 -10.6934 0.0 -180.068556163 110.408397751 56.23872913 
67.2084 -10.6934 0.0 -180.125650238 110.465241357 56.2390966961 
67.2084 -10.6934 0.0 -180.066577341 110.409830789 56.235776962 
67.2084 -10.6934 0.0 -180.107277963 110.440732944 56.2348727741 
67.2084 -10.6934 0.0 -180.134916922 110.465172391 56.2303285314 
67.2084 -10.6934 0.0 -180.068039964 110.386904608 56.3271588321 
67.2084 -10.6934 0.0 -180.08470702 110.457717544 56.2183265363 
67.2084 -10.6934 0.0 -180.131015569 110.457045602 56.3176115854 
67.2084 -10.6934 0.0 -180.084623224 110.39687235 56.3113647341 
67.2084 -10.6934 0.0 -180.07647061 110.446920293 56.3178936201 
67.2084 -10.6934 0.0 -180.023798629 110.435877957 -43.6573718679 
67.2084 -10.6934 0.0 -180.076581407 110.448239561 -43.6389535679 
67.2084 -10.6934 0.0 -180.055486102 110.409645235 -43.7110332282 
67.2084 -10.6934 0.0 -180.063286511 110.417577005 -43.6738600015 
67.2084 -10.6934 0.0 -180.101420695 110.493671546 -43.7275116173 
67.2084 -10.6934 0.0 -180.063952719 110.435866519 -43.6682603905 
67.2084 -10.6934 0.0 -180.055863818 110.402668708 -43.6991657873 
67.2084 -10.6934 0.0 -180.051130491 110.48823765 -43.7288482248 
67.2084 -10.6934 0.0 -180.096857658 110.454825846 -43.7309636925 
67.2084 -10.6934 0.0 -180.059099068 110.414127895 -43.72411885 
67.2084 -10.6934 0.0 -180.054534973 110.387494207 -43.6916210643 
67.2084 -10.6934 0.0 -180.066634591 110.466639943 -43.7489342089 
67.2084 -10.6934 0.0 -180.101029092 110.472070547 -43.6891546526 
67.2084 -10.6934 0.0 -180.061086893 110.386783017 -43.7137750104 
67.2084 -10.6934 0.0 -180.105547772 110.421645628 -43.7388893859 
67.2084 -10.6934 0.0 -180.097753458 110.336415405 56.2609724008 
67.2084 -10.6934 0.0 -180.081698376 110.419869295 56.2540865876 
67.2084 -10.6934 0.0 -180.07182118 110.402036319 56.2502178124 
67.2084 -10.6934 0.0 -180.071805694 110.356944118 56.2485162432 
67.2084 -10.6934 0.0 -180.147571482 110.361201174 56.2311252371 
67.2084 -10.6934 0.0 -180.157676646 110.310724182 56.2311879154 
67.2084 -10.6934 0.0 -180.141231979 110.406020956 56.2164657622 
67.2084 -10.6934 0.0 -180.122728682 110.347452145 56.1983425198 
67.2084 -10.6934 0.0 -180.098901377 110.343834536 56.2770968636 
67.2084 -10.6934 0.0 -180.163918962 110.307719685 56.2447720917 
67.2084 -10.6934 0.0 -180.12146651 110.301745329 56.2131182351 
67.2084 -10.6934 0.0 -180.17116921 110.354693006 56.2714917109 
67.2084 -10.6934 0.0 -180.116617316 110.32899135 56.2314314581 
67.2084 -10.6934 0.0 -180.174149542 110.387606811 56.2947927387 
67.2084 -10.6934 0.0 -180.123148947 110.388486164 56.261361732 
67.2084 -10.6934 0.0 -180.140302924 110.400313816 56.2111897621 
67.2084 -10.6934 0.0 -180.152755083 110.446888601 56.2659641169 
67.2084 -10.6934 0.0 -180.113654499 110.407439524 56.1985601696 
67.2084 -10.6934 0.0 -180.160953747 110.384841163 56.2301928196 
67.2084 -10.6934 0.0 -180.094917928 110.372796496 56.1618786219 
67.2084 -10.6934 0.0 -180.094080251 110.450951082 56.178348839 
67.2084 -10.6934 0.0 -180.10260898 110.499933582 56.2068238051 
67.2084 -10.6934 0.0 -180.177554986 110.420632381 56.2176845542 
67.2084 -10.6934 0.0 -180.150486371 110.397928959 56.2308444199 
67.2084 -10.6934 0.0 -180.090356364 110.441117738 56.1245112186 
67.2084 -10.6934 0.0 -180.124452497 110.459871334 56.1200466702 
67.2084 -10.6934 0.0 -180.136085053 110.391043821 56.2054362855 
67.2084 -10.6934 0.0 -180.105919204 110.428459019 56.2747136061 
67.2084 -10.6934 0.0 -180.025690628 110.504669976 56.2242263663 
67.2084 -10.6934 0.0 -180.090031633 110.495003701 56.1539514782 
67.2084 -10.6934 0.0 -180.130283374 110.49475323 56.1765618418 
67.2084 -10.6934 0.0 -180.082670579 110.481544363 56.2096811749 
67.2084 -10.6934 0.0 -180.124047701 110.481376174 56.2301858592 
67.2084 -10.6934 0.0 -180.053373517 110.507678629 56.2384212675 
67.2084 -10.6934 0.0 -180.075371802 110.549220162 56.2308293681 
67.2084 -10.6934 0.0 -180.122935368 110.527126335 56.2290988022 
67.2084 -10.6934 0.0 -180.071658813 110.536301141 56.2197021718 
67.2084 -10.6934 0.0 -180.036239822 110.479286898 56.3076698495 
67.2084 -10.6934 0.0 -180.116908604 110.563990288 56.2942137164 
67.2084 -10.6934 0.0 -180.096728033 110.505196716 56.277393941 
67.2084 -10.6934 0.0 -180.094094462 110.506378701 56.2612213746 
67.2084 -10.6934 0.0 -180.102151909 110.481131328 56.2507341071 
67.2084 -10.6934 0.0 -180.100498165 110.496420748 -43.7705957822 
67.2084 -10.6934 0.0 -180.02291414 110.573127357 -43.7808003786 
67.2084 -10.6934 0.0 -180.052102943 110.526789508 -43.6929728662 
67.2084 -10.6934 0.0 -180.101757733 110.473997507 -43.6879787698 
67.2084 -10.6934 0.0 -180.082627373 110.503352613 -43.6732462753 
67.2084 -10.6934 0.0 -180.076668091 110.520062361 -43.7501906408 
67.2084 -10.6934 0.0 -180.023319632 110.508820631 -43.7044104832 
67.2084 -10.6934 0.0 -180.012725618 110.461648167 -43.7427338972 
67.2084 -10.6934 0.0 -180.040319027 110.459535101 -43.7621293524 
67.2084 -10.6934 0.0 -180.100597348 110.504532008 -43.7698639215 
67.2084 -10.6934 0.0 -180.108958409 110.446159916 -43.7473870635 
67.2084 -10.6934 0.0 -180.050113092 110.494552254 -43.710529211 
67.2084 -10.6934 0.0 -180.02211697 110.472878306 -43.7467356001 
67.2084 -10.6934 0.0 -180.11204723 110.512322368 -43.7752666862 
67.2084 -10.6934 0.0 -180.060641572 110.431299746 -43.7697555066 
67.2084 -10.6934 0.0 -180.125617561 110.49386527 -43.8574733678 
67.2084 -10.6934 0.0 -180.042949616 110.505946651 -43.8204251106 
67.2084 -10.6934 0.0 -180.079983753 110.456535236 56.2317228149 
67.2084 -10.6934 0.0 -180.057451423 110.417577677 56.2052397092 
67.2084 -10.6934 0.0 -180.050448783 110.375358731 56.1902748334 
67.2084 -10.6934 0.0 -180.151225441 110.441762155 56.1875657055 
67.2084 -10.6934 0.0 -180.081688386 110.416944627 56.2012077231 
67.2084 -10.6934 0.0 -180.173145213 110.390199485 56.2024068393 
67.2084 -10.6934 0.0 -180.163493953 110.363435285 56.1097649258 
67.2084 -10.6934 0.0 -180.151922328 110.384028707 56.1191765571 
67.2084 -10.6934 0.0 -180.129548518 110.359899753 56.1221091852 
67.2084 -10.6934 0.0 -180.189163917 110.404052917 56.1167248152 
67.2084 -10.6934 0.0 -180.21013168 110.285056786 56.1904455073 
67.2084 -10.6934 0.0 -180.202001786 110.300329424 56.1500065944 
67.2084 -10.6934 0.0 -180.179454629 110.343300923 56.2014030577 
67.2084 -10.6934 0.0 -180.213859365 110.280903017 56.1313916846 
67.2084 -10.6934 0.0 -180.222398026 110.323927107 56.146830972 
67.2084 -10.6934 0.0 -180.213732945 110.299664234 56.1525076526 
67.2084 -10.6934 0.0 -180.146972919 110.309750655 56.1243034678 
67.2084 -10.6934 0.0 -180.155573893 110.380181189 56.1773359765 
67.2084 -10.6934 0.0 -180.1978282 110.302037774 56.1879851642 
67.2084 -10.6934 0.0 -180.215184587 110.29354657 56.1804743673 
67.2084 -10.6934 0.0 -180.187432326 110.336734637 56.1484219867 
67.2084 -10.6934 0.0 -180.233907243 110.332029801 56.1017045863 
67.2084 -10.6934 0.0 -180.248473687 110.31980053 56.1391091084 
67.2084 -10.6934 0.0 -180.209823698 110.390278761 56.1495441012 
67.2084 -10.6934 0.0 -180.143360881 110.404070665 56.2532121609 
67.2084 -10.6934 0.0 -180.12139873 110.420666279 56.2368389876 
67.2084 -10.6934 0.0 -180.152750856 110.396661579 56.2009632164 
67.2084 -10.6934 0.0 -180.197811916 110.369645968 56.1826725788 
67.2084 -10.6934 0.0 -180.229638561 110.408015027 56.265467481 
67.2084 -10.6934 0.0 -180.149043678 110.399201539 56.247580579 
67.2084 -10.6934 0.0 -180.145810093 110.411562973 56.2182426561 
67.2084 -10.6934 0.0 -180.165326177 110.475659248 56.2060420754 
67.2084 -10.6934 0.0 -180.180359251 110.406060739 56.2889906635 
67.2084 -10.6934 0.0 -180.17862133 110.470129485 56.2648814455 
67.2084 -10.6934 0.0 -180.081854016 110.485094397 56.2398960287 
67.2084 -10.6934 0.0 -180.160082316 110.43726282 56.1996114907 
67.2084 -10.6934 0.0 -180.165951686 110.531461558 56.1696787407 
67.2084 -10.6934 0.0 -180.091350325 110.463109589 56.2412288268 
67.2084 -10.6934 0.0 -180.113620899 110.432793985 56.2100867776 
67.2084 -10.6934 0.0 -180.080789667 110.529296022 56.1910423418 
67.2084 -10.6934 0.0 -180.160137362 110.489988925 56.2771522004 
67.2084 -10.6934 0.0 -180.157106236 110.514185026 56.2665542879 
67.2084 -10.6934 0.0 -180.065666739 110.491414821 56.2607544169 
67.2084 -10.6934 0.0 -180.075898584 110.534405471 56.2543260459 
67.2084 -10.6934 0.0 -180.087499319 110.547230841 56.2480943463 
67.2084 -10.6934 0.0 -180.112490796 110.438990148 -43.7510076569 
67.2084 -10.6934 0.0 -180.141364107 110.493508158 -43.7505833129 
67.2084 -10.6934 0.0 -180.131229907 110.532426499 -43.7181404051 
67.2084 -10.6934 0.0 -180.137259175 110.438510642 -43.7796736116 
67.2084 -10.6934 0.0 -180.098016951 110.500223813 -43.7182916909 
67.2084 -10.6934 0.0 -180.194629555 110.415243015 -43.7358816921 
67.2084 -10.6934 0.0 -180.13545252 110.477271708 -43.7344864703 
67.2084 -10.6934 0.0 -180.116471113 110.515179932 -43.7104741808 
67.2084 -10.6934 0.0 -180.143625214 110.462783735 -43.7549632849 
67.2084 -10.6934 0.0 -180.077495218 110.415154539 -43.6953775755 
67.2084 -10.6934 0.0 -180.13466655 110.40239904 -43.7176897231 
67.2084 -10.6934 0.0 -180.116822414 110.478304083 56.1800938451 
67.2084 -10.6934 0.0 -180.150117577 110.393620347 56.2047500302 
67.2084 -10.6934 0.0 -180.099693986 110.416592003 56.2395655738 
67.2084 -10.6934 0.0 -180.14713176 110.351830346 56.2807437419 
67.2084 -10.6934 0.0 -180.102049629 110.409027256 56.2339695203 
67.2084 -10.6934 0.0 -180.174166996 110.412492751 56.1934762691 
67.2084 -10.6934 0.0 -180.166617576 110.368138736 56.1663753382 
67.2084 -10.6934 0.0 -180.136405127 110.365293154 56.2264230217 
67.2084 -10.6934 0.0 -180.202587721 110.397732662 56.1874611449 
67.2084 -10.6934 0.0 -180.167847863 110.380847634 56.145322407 
67.2084 -10.6934 0.0 -180.122513811 110.308201462 56.1924255694 
67.2084 -10.6934 0.0 -180.172901247 110.36950537 56.2375291635 
67.2084 -10.6934 0.0 -180.108341544 110.362065044 56.1746819916 
67.2084 -10.6934 0.0 -180.117442905 110.402578498 56.1916541552 
67.2084 -10.6934 0.0 -180.124350698 110.408009473 56.2010530604 
67.2084 -10.6934 0.0 -180.202183584 110.370833297 56.188308972 
67.2084 -10.6934 0.0 -180.165912569 110.306881692 56.1595424375 
67.2084 -10.6934 0.0 -180.197849616 110.380553809 56.2058964129 
67.2084 -10.6934 0.0 -180.19433781 110.397873635 56.1330072019 
67.2084 -10.6934 0.0 -180.190975859 110.37814453 56.1532556643 
67.2084 -10.6934 0.0 -180.16324711 110.31720858 56.1541403688 
67.2084 -10.6934 0.0 -180.104497642 110.397342918 56.1395641252 
67.2084 -10.6934 0.0 -180.107749878 110.373119079 56.1967065358 
67.2084 -10.6934 0.0 -180.185436844 110.338391668 56.1373803066 
67.2084 -10.6934 0.0 -180.132524502 110.341181712 56.168444492 
67.2084 -10.6934 0.0 -180.140863065 110.322426574 56.1881889419 
67.2084 -10.6934 0.0 -180.12335234 110.46628395 56.2040755291 
67.2084 -10.6934 0.0 -180.170085548 110.420396881 56.205652853 
67.2084 -10.6934 0.0 -180.115200106 110.387306989 56.2155246613 
67.2084 -10.6934 0.0 -180.206010217 110.424836261 56.106478099 
67.2084 -10.6934 0.0 -180.186775599 110.44104117 56.0986593652 
67.2084 -10.6934 0.0 -180.166181945 110.460775815 56.1991135417 
67.2084 -10.6934 0.0 -180.110431049 110.47525388 56.1870126379 
67.2084 -10.6934 0.0 -180.116227655 110.464245616 56.1622077211 
67.2084 -10.6934 0.0 -180.117237914 110.460915235 56.147116417 
67.2084 -10.6934 0.0 -180.086656681 110.444580809 56.2194949551 
67.2084 -10.6934 0.0 -180.152423163 110.48952755 56.1982296057 
67.2084 -10.6934 0.0 -180.094955045 110.464779874 56.2662845691 
67.2084 -10.6934 0.0 -180.127286607 110.554588376 56.2266870493 
67.2084 -10.6934 0.0 -180.060013217 110.541340785 56.2829731983 
67.2084 -10.6934 0.0 -180.083631598 110.542968319 56.2290435117 
67.2084 -10.6934 0.0 -180.035449202 110.548130407 56.2798436354 
67.2084 -10.6934 0.0 -180.115068002 110.56947265 -43.7641181889 
67.2084 -10.6934 0.0 -180.01904067 110.601973545 -43.7024265958 
67.2084 -10.6934 0.0 -180.034178865 110.558234436 -43.7384633694 
67.2084 -10.6934 0.0 -180.050736236 110.56164468 -43.7777224834 
67.2084 -10.6934 0.0 -180.081763361 110.619978416 -43.7131667058 
67.2084 -10.6934 0.0 -180.024543296 110.610941352 -43.744203697 
67.2084 -10.6934 0.0 -180.07631166 110.567620966 -43.6647155386 
67.2084 -10.6934 0.0 -180.055138416 110.561507047 -43.6742391136 
67.2084 -10.6934 0.0 -180.057718469 110.521527676 -43.767921593 
67.2084 -10.6934 0.0 -180.012589805 110.560540993 -43.7368478565 
67.2084 -10.6934 0.0 -180.094346169 110.574149924 -43.6901259417 
67.2084 -10.6934 0.0 -180.015831413 110.553460911 -43.7223044843 
67.2084 -10.6934 0.0 -180.051623862 110.507044283 -43.7412452891 
67.2084 -10.6934 0.0 -180.051098886 110.573286316 -43.7265496431 
67.2084 -10.6934 0.0 -180.078292718 110.547747555 -43.794502634 
67.2084 -10.6934 0.0 -180.056774608 110.539422464 -43.7345883232 
67.2084 -10.6934 0.0 -180.027014932 110.547489402 -43.7746733245 
67.2084 -10.6934 0.0 -180.062045282 110.50235579 -43.7860011675 
67.2084 -10.6934 0.0 -180.108192126 110.438976358 -43.7909225888 
67.2084 -10.6934 0.0 -180.095791671 110.425947654 -43.7827037568 
67.2084 -10.6934 0.0 -180.108030748 110.465136274 -43.7633567148 
67.2084 -10.6934 0.0 -180.135084159 110.433455604 -43.7400528125 
67.2084 -10.6934 0.0 -180.089514867 110.409639495 -43.7049014569 
67.2084 -10.6934 0.0 -180.155183194 110.36533263 -43.7565958119 
67.2084 -10.6934 0.0 -180.149911551 110.420847887 -43.7930905689 
67.2084 -10.6934 0.0 -180.05372281 110.495082878 56.2800700568 
67.2084 -10.6934 0.0 -180.159421335 110.405990078 56.2506382394 
67.2084 -10.6934 0.0 -180.162408443 110.44813309 56.2221508257 
67.2084 -10.6934 0.0 -180.169853336 110.431529773 56.1897207218 
67.2084 -10.6934 0.0 -180.091306008 110.373951002 56.1562389854 
67.2084 -10.6934 0.0 -180.107550854 110.394259538 56.2132567062 
67.2084 -10.6934 0.0 -180.197820409 110.366770102 56.1524690445 
67.2084 -10.6934 0.0 -180.116354388 110.311653701 56.1932837268 
67.2084 -10.6934 0.0 -180.109145934 110.381271277 56.2192058095 
67.2084 -10.6934 0.0 -180.18471479 110.360164434 56.1397072628 
67.2084 -10.6934 0.0 -180.150544908 110.35007442 56.1530690185 
67.2084 -10.6934 0.0 -180.100141306 110.378090618 56.1550102947 
67.2084 -10.6934 0.0 -180.135882953 110.35020554 56.2455174096 
67.2084 -10.6934 0.0 -180.117687124 110.371581466 56.2018711359 
67.2084 -10.6934 0.0 -180.177248916 110.340578947 56.1395038578 
67.2084 -10.6934 0.0 -180.119813468 110.384639238 56.1619039516 
67.2084 -10.6934 0.0 -180.134434542 110.31330675 56.1610294025 
67.2084 -10.6934 0.0 -180.195650745 110.313995451 56.1271936812 
67.2084 -10.6934 0.0 -180.119226113 110.370436871 56.171981166 
67.2084 -10.6934 0.0 -180.111143719 110.363742317 56.2056749241 
67.2084 -10.6934 0.0 -180.149972487 110.371559715 56.2181650327 
67.2084 -10.6934 0.0 -180.124652862 110.38789738 56.2050050504 
67.2084 -10.6934 0.0 -180.144090409 110.443338275 56.0726703207 
67.2084 -10.6934 0.0 -180.136346268 110.446355767 56.1368100427 
67.2084 -10.6934 0.0 -180.091761924 110.462705339 56.1941173135 
67.2084 -10.6934 0.0 -180.197306765 110.452406914 56.1394556115 
67.2084 -10.6934 0.0 -180.184643143 110.504069468 56.1932763446 
67.2084 -10.6934 0.0 -180.163711667 110.441799229 56.1526439506 
67.2084 -10.6934 0.0 -180.119159847 110.444444479 56.210707466 
67.2084 -10.6934 0.0 -180.060872206 110.507893194 56.2732812716 
67.2084 -10.6934 0.0 -180.101627078 110.520187272 56.2441561759 
67.2084 -10.6934 0.0 -180.132094429 110.589699877 56.2151064181 
67.2084 -10.6934 0.0 -180.07855926 110.516278579 -43.7037278658 
67.2084 -10.6934 0.0 -180.035516045 110.552749987 -43.7166507124 
67.2084 -10.6934 0.0 -180.019239203 110.591565269 -43.7229649627 
67.2084 -10.6934 0.0 -180.017428337 110.524394697 -43.7314702676 
67.2084 -10.6934 0.0 -180.041273069 110.57966277 -43.7331888617 
67.2084 -10.6934 0.0 -180.092740486 110.516919674 -43.7356006902 
67.2084 -10.6934 0.0 -180.084173251 110.569941122 -43.7300075909 
67.2084 -10.6934 0.0 -179.999809125 110.558718015 -43.7172880302 
67.2084 -10.6934 0.0 -180.0343885 110.5154163 -43.7040340527 
67.2084 -10.6934 0.0 -179.97746098 110.515255225 -43.784771639 
67.2084 -10.6934 0.0 -180.049201861 110.486334536 -43.756863645 
67.2084 -10.6934 0.0 -180.056972947 110.522873488 -43.7117217011 
67.2084 -10.6934 0.0 -180.080968269 110.509142646 -43.7628875965 
67.2084 -10.6934 0.0 -180.034405555 110.506726644 -43.7058685683 
67.2084 -10.6934 0.0 -180.014975541 110.52343575 -43.7350230175 
67.2084 -10.6934 0.0 -180.047780255 110.493680316 -43.7367099847 
67.2084 -10.6934 0.0 -180.022016569 110.439127981 -43.7154265325 
67.2084 -10.6934 0.0 -180.037218531 110.485275001 -43.7701073905 
67.2084 -10.6934 0.0 -180.067583173 110.440259964 -43.7102910802 
67.2084 -10.6934 0.0 -180.022985894 110.438588325 -43.7314022866 
67.2084 -10.6934 0.0 -180.016249248 110.489254069 -43.7307574862 
67.2084 -10.6934 0.0 -180.126854747 110.499496203 -43.8241498932 
67.2084 -10.6934 0.0 -180.062407926 110.382875345 -43.8061458675 
67.2084 -10.6934 0.0 -180.034801461 110.423849724 -43.7692871069 
67.2084 -10.6934 0.0 -180.09882824 110.40203416 -43.7395105896 
67.2084 -10.6934 0.0 -180.098387201 110.341876235 -43.7937755241 
67.2084 -10.6934 0.0 -180.099325848 110.400225593 -43.7446465859 
67.2084 -10.6934 0.0 -180.114890085 110.334970636 56.2032531615 
67.2084 -10.6934 0.0 -180.053804455 110.415103493 56.2627702119 
67.2084 -10.6934 0.0 -180.167172294 110.333761625 56.2094698023 
67.2084 -10.6934 0.0 -180.180064573 110.404207674 56.1525007343 
67.2084 -10.6934 0.0 -180.204771098 110.309778032 56.1998717787 
67.2084 -10.6934 0.0 -180.140265914 110.337067371 56.1530749979 
67.2084 -10.6934 0.0 -180.178695035 110.373344032 56.2080236696 
67.2084 -10.6934 0.0 -180.196234228 110.310387999 56.1604345485 
67.2084 -10.6934 0.0 -180.194398187 110.366739139 56.1987946909 
67.2084 -10.6934 0.0 -180.097888325 110.364178193 56.1425747861 
67.2084 -10.6934 0.0 -180.16556327 110.322976347 56.1601292202 
67.2084 -10.6934 0.0 -180.125270751 110.251864136 56.1726722033 
67.2084 -10.6934 0.0 -180.121318956 110.308027967 56.149988435 
67.2084 -10.6934 0.0 -180.19901649 110.284150815 56.1198474494 
67.2084 -10.6934 0.0 -180.161385919 110.356909591 56.1838830341 
67.2084 -10.6934 0.0 -180.100435848 110.330312451 56.2348123237 
67.2084 -10.6934 0.0 -180.090122568 110.310050975 56.2654302177 
67.2084 -10.6934 0.0 -180.128391118 110.333175284 56.1652919814 
67.2084 -10.6934 0.0 -180.116235339 110.415570179 56.1354480045 
67.2084 -10.6934 0.0 -180.168576269 110.394315677 56.1886103897 
67.2084 -10.6934 0.0 -180.15624355 110.33043947 56.1091865435 
67.2084 -10.6934 0.0 -180.120082326 110.318643608 56.1218743905 
67.2084 -10.6934 0.0 -180.14173834 110.379005491 56.1229597819 
67.2084 -10.6934 0.0 -180.149803455 110.421311331 56.2258576739 
67.2084 -10.6934 0.0 -180.132235142 110.434951429 56.1227437857 
67.2084 -10.6934 0.0 -180.201652255 110.435564592 56.2208854694 
67.2084 -10.6934 0.0 -180.148642615 110.430786892 56.21293418 
67.2084 -10.6934 0.0 -180.173833426 110.404663874 56.1984910921 
67.2084 -10.6934 0.0 -180.107876155 110.469336875 56.2986141868 
67.2084 -10.6934 0.0 -180.104885647 110.495072348 56.2845448447 
67.2084 -10.6934 0.0 -180.093207667 110.47961431 56.1675899967 
67.2084 -10.6934 0.0 -180.079527954 110.52432155 56.1544945425 
67.2084 -10.6934 0.0 -180.083532626 110.519237398 56.247663026 
67.2084 -10.6934 0.0 -180.075742418 110.52352379 56.2311339468 
67.2084 -10.6934 0.0 -180.0971216 110.45610237 56.2224825054 
67.2084 -10.6934 0.0 -180.131834033 110.499701937 56.213794062 
67.2084 -10.6934 0.0 -180.100521708 110.487358935 56.3099728982 
67.2084 -10.6934 0.0 -180.077759872 110.574741869 56.2063732443 
67.2084 -10.6934 0.0 -180.085469333 110.521692809 -43.7898877829 
67.2084 -10.6934 0.0 -180.095300766 110.505561755 -43.7907341531 
67.2084 -10.6934 0.0 -180.018584057 110.551999607 -43.7873164954 
67.2084 -10.6934 0.0 -180.05262862 110.563997269 -43.7773281237 
67.2084 -10.6934 0.0 -180.100532812 110.53825715 -43.7620068324 
67.2084 -10.6934 0.0 -180.039513118 110.558051818 -43.7537674057 
67.2084 -10.6934 0.0 -180.053380768 110.542958091 -43.75347411 
67.2084 -10.6934 0.0 -180.095095351 110.512253165 -43.8398450754 
67.2084 -10.6934 0.0 -180.058767196 110.494224182 -43.8084467574 
67.2084 -10.6934 0.0 -180.036424739 110.502696399 -43.6679066131 
67.2084 -10.6934 0.0 -180.09008681 110.419415578 -43.8344495575 
67.2084 -10.6934 0.0 -179.994479487 110.454550902 -43.7764578085 
67.2084 -10.6934 0.0 -180.098781625 110.481180389 -43.8147387822 
67.2084 -10.6934 0.0 -180.028949387 110.495844817 -43.7392041877 
67.2084 -10.6934 0.0 -180.087753761 110.481718634 -43.751309762 
67.2084 -10.6934 0.0 -180.049336445 110.437921808 -43.7598391241 
67.2084 -10.6934 0.0 -180.076220729 110.457727834 -43.7371446481 
67.2084 -10.6934 0.0 -180.029100002 110.448791854 -43.7970006935 
67.2084 -10.6934 0.0 -180.022242843 110.436873785 -43.7373194402 
67.2084 -10.6934 0.0 -180.04209888 110.351112314 -43.7650386701 
67.2084 -10.6934 0.0 -180.087103607 110.391878141 -43.7784388158 
67.2084 -10.6934 0.0 -180.073401028 110.363430582 -43.7749059809 
67.2084 -10.6934 0.0 -180.082667828 110.362388329 -43.8562380207 
67.2084 -10.6934 0.0 -180.134017484 110.408064149 -43.8259869499 
67.2084 -10.6934 0.0 -180.081507197 110.388568283 -43.7936867882 
67.2084 -10.6934 0.0 -180.153243594 110.295500082 -43.8500231061 
67.2084 -10.6934 0.0 -180.12788938 110.335979129 56.1922624344 
67.2084 -10.6934 0.0 -180.127809747 110.315809481 56.2441812655 
67.2084 -10.6934 0.0 -180.123910052 110.338987075 56.1944477208 
67.2084 -10.6934 0.0 -180.116290883 110.313973637 56.2409136945 
67.2084 -10.6934 0.0 -180.098489402 110.317339587 56.1785942994 
67.2084 -10.6934 0.0 -180.084123786 110.34572913 56.2142562839 
67.2084 -10.6934 0.0 -180.163525165 110.343939403 56.1430372525 
67.2084 -10.6934 0.0 -180.138094634 110.280590451 56.1678334183 
67.2084 -10.6934 0.0 -180.203034048 110.254095991 56.1817090248 
67.2084 -10.6934 0.0 -180.163544859 110.253592728 56.1938186626 
67.2084 -10.6934 0.0 -180.125675541 110.289433566 56.2009060237 
67.2084 -10.6934 0.0 -180.141234976 110.336554146 56.188722438 
67.2084 -10.6934 0.0 -180.130366535 110.328045826 56.1576084769 
67.2084 -10.6934 0.0 -180.191329586 110.274761889 56.1078119444 
67.2084 -10.6934 0.0 -180.211221276 110.367571111 56.1341721496 
67.2084 -10.6934 0.0 -180.221767054 110.306441263 56.1501730681 
67.2084 -10.6934 0.0 -180.124696918 110.276710758 56.1663756506 
67.2084 -10.6934 0.0 -180.104943217 110.357968036 56.1706679404 
67.2084 -10.6934 0.0 -180.159893364 110.326151429 56.1664313527 
67.2084 -10.6934 0.0 -180.198565925 110.373378124 56.1609996003 
67.2084 -10.6934 0.0 -180.113852575 110.356590316 56.2408860911 
67.2084 -10.6934 0.0 -180.175363754 110.334618168 56.1976845765 
67.2084 -10.6934 0.0 -180.136253689 110.352937183 56.2562665438 
67.2084 -10.6934 0.0 -180.142439349 110.378231355 56.1917083679 
67.2084 -10.6934 0.0 -180.125423013 110.415046184 56.2172558492 
67.2084 -10.6934 0.0 -180.178565926 110.345900967 56.1346665825 
67.2084 -10.6934 0.0 -180.108388392 110.383499828 56.1430273194 
67.2084 -10.6934 0.0 -180.109835178 110.391209556 56.1449569535 
67.2084 -10.6934 0.0 -180.113443301 110.397957826 56.1513464654 
67.2084 -10.6934 0.0 -180.091221694 110.389205749 56.1493823286 
67.2084 -10.6934 0.0 -180.07864462 110.360155 56.2599037956 
67.2084 -10.6934 0.0 -180.135240071 110.397042733 56.1540102429 
67.2084 -10.6934 0.0 -180.101399369 110.513245868 56.1592717712 
67.2084 -10.6934 0.0 -180.064026487 110.42760203 56.2693406342 
67.2084 -10.6934 0.0 -180.108053494 110.413222376 56.2683355898 
67.2084 -10.6934 0.0 -180.040160426 110.46043079 56.2631613066 
67.2084 -10.6934 0.0 -180.069550844 110.489220695 56.2614809309 
67.2084 -10.6934 0.0 -180.077358 110.479918563 56.248019882 
67.2084 -10.6934 0.0 -180.073128061 110.448204303 56.1304520953 
67.2084 -10.6934 0.0 -180.093378329 110.473360341 -43.7747860841 
67.2084 -10.6934 0.0 -180.117141492 110.474056024 -43.7806288854 
67.2084 -10.6934 0.0 -180.040532769 110.510139624 -43.7878487144 
67.2084 -10.6934 0.0 -180.092547942 110.539370375 -43.7844217756 
67.2084 -10.6934 0.0 -180.06694871 110.416526935 -43.6699034248 
67.2084 -10.6934 0.0 -180.124694855 110.461957494 -43.7717012732 
67.2084 -10.6934 0.0 -180.026895297 110.480574549 -43.7484579588 
67.2084 -10.6934 0.0 -180.022953792 110.558309177 -43.735564057 
67.2084 -10.6934 0.0 -180.042515908 110.531621659 -43.7098792248 
67.2084 -10.6934 0.0 -180.065815806 110.467601879 -43.6871795367 
67.2084 -10.6934 0.0 -180.077717435 110.464859317 -43.7701915988 
67.2084 -10.6934 0.0 -180.024932832 110.523598991 -43.7354279598 
67.2084 -10.6934 0.0 -180.077329128 110.47138636 -43.8032999086 
67.2084 -10.6934 0.0 -180.069276906 110.490830054 -43.7565758332 
67.2084 -10.6934 0.0 -180.059927546 110.475753489 -43.7068918171 
67.2084 -10.6934 0.0 -180.076836077 110.440429968 -43.7458643326 
67.2084 -10.6934 0.0 -180.03437689 110.5070979 -43.6704402216 
67.2084 -10.6934 0.0 -180.094640503 110.456971846 -43.6941636506 
67.2084 -10.6934 0.0 -179.993347696 110.508103706 -43.7013058006 
67.2084 -10.6934 0.0 -180.00351473 110.433686049 -43.6982347012 
67.2084 -10.6934 0.0 -180.044336435 110.447904276 -43.7865696643 
67.2084 -10.6934 0.0 -180.021584783 110.454833218 -43.7551770422 
67.2084 -10.6934 0.0 -180.053574564 110.438197244 -43.7023545593 
67.2084 -10.6934 0.0 -180.098112481 110.409506996 -43.7396163105 
67.2084 -10.6934 0.0 -180.010220158 110.457678236 -43.6483736133 
67.2084 -10.6934 0.0 -180.095417004 110.396674916 -43.7598951676 
67.2084 -10.6934 0.0 -180.046649187 110.36340799 -43.7445570214 
67.2084 -10.6934 0.0 -180.023065604 110.439865474 -43.8131829991 
67.2084 -10.6934 0.0 -180.113741591 110.429391963 -43.7729703275 
67.2084 -10.6934 0.0 -180.116675236 110.428297319 -43.8213850021 
67.2084 -10.6934 0.0 -180.046779064 110.357677319 -43.8574469297 
67.2084 -10.6934 0.0 -180.08506587 110.40538007 -43.7824374127 
67.2084 -10.6934 0.0 -180.124868408 110.282417892 56.193778938 
67.2084 -10.6934 0.0 -180.14112489 110.304522848 56.2571729504 
67.2084 -10.6934 0.0 -180.066671187 110.374970211 56.2257340073 
67.2084 -10.6934 0.0 -180.07583961 110.284237128 56.1882044926 
67.2084 -10.6934 0.0 -180.162210885 110.338396614 56.2343228073 
67.2084 -10.6934 0.0 -180.1460661 110.336655958 56.1780417157 
67.2084 -10.6934 0.0 -180.1299771 110.390540459 56.2156312792 
67.2084 -10.6934 0.0 -180.097435108 110.304135397 56.2401959203 
67.2084 -10.6934 0.0 -180.152485779 110.243372219 56.2566568818 
67.2084 -10.6934 0.0 -180.181661931 110.302696584 56.2585710964 
67.2084 -10.6934 0.0 -180.172817322 110.360435653 56.1426313192 
67.2084 -10.6934 0.0 -180.14594452 110.338297086 56.1172871971 
67.2084 -10.6934 0.0 -180.202025605 110.349667831 56.1808987627 
67.2084 -10.6934 0.0 -180.218601063 110.295817767 56.1187440132 
67.2084 -10.6934 0.0 -180.105823384 110.291896708 56.1365481711 
67.2084 -10.6934 0.0 -180.164739671 110.222029007 56.1378670078 
67.2084 -10.6934 0.0 -180.094013812 110.310783334 56.2190501144 
67.2084 -10.6934 0.0 -180.183934274 110.322204262 56.1782229868 
67.2084 -10.6934 0.0 -180.143669682 110.283715762 56.2202673198 
67.2084 -10.6934 0.0 -180.17802177 110.331711333 56.1538844581 
67.2084 -10.6934 0.0 -180.098390644 110.282904566 56.1831755027 
67.2084 -10.6934 0.0 -180.106759301 110.373961258 56.2149426806 
67.2084 -10.6934 0.0 -180.101630558 110.242013989 56.2438330743 
67.2084 -10.6934 0.0 -180.18865784 110.271923811 56.1717438174 
67.2084 -10.6934 0.0 -180.158916841 110.296433211 56.195363837 
67.2084 -10.6934 0.0 -180.13364976 110.309489966 56.2220719112 
67.2084 -10.6934 0.0 -180.079053553 110.31633812 56.2381231134 
67.2084 -10.6934 0.0 -180.114200335 110.326232857 56.1483932182 
67.2084 -10.6934 0.0 -180.145891389 110.327464099 56.1617728485 
67.2084 -10.6934 0.0 -180.181874812 110.417090681 56.177859196 
67.2084 -10.6934 0.0 -180.129616113 110.397689043 56.2014982423 
67.2084 -10.6934 0.0 -180.16885476 110.352579178 56.2212134544 
67.2084 -10.6934 0.0 -180.118953559 110.374132013 56.2510444238 
67.2084 -10.6934 0.0 -180.171955047 110.382357195 56.1810055778 
67.2084 -10.6934 0.0 -180.139791517 110.344771268 56.1201351616 
67.2084 -10.6934 0.0 -180.142475398 110.404221134 56.1785165002 
67.2084 -10.6934 0.0 -180.138472855 110.350056212 56.2292240583 
67.2084 -10.6934 0.0 -180.14409244 110.409638612 56.1872900408 
67.2084 -10.6934 0.0 -180.150806906 110.35256702 56.2467650774 
67.2084 -10.6934 0.0 -180.145427491 110.382130911 56.2013803049 
67.2084 -10.6934 0.0 -180.066424147 110.437857897 56.1648188632 
67.2084 -10.6934 0.0 -180.095226033 110.372502216 -43.7625851494 
67.2084 -10.6934 0.0 -180.117645934 110.389744388 -43.7976412546 
67.2084 -10.6934 0.0 -180.138277853 110.390059429 -43.8302829413 
67.2084 -10.6934 0.0 -180.087169606 110.38738482 -43.7529544857 
67.2084 -10.6934 0.0 -180.035333754 110.397358972 -43.7761233621 
67.2084 -10.6934 0.0 -180.07823983 110.389631074 -43.6962946529 
67.2084 -10.6934 0.0 -180.113862953 110.390359752 -43.724733831 
67.2084 -10.6934 0.0 -180.133363683 110.394252419 -43.7576916127 
67.2084 -10.6934 0.0 -180.080967151 110.421447942 -43.6807632465 
67.2084 -10.6934 0.0 -180.111838167 110.451367927 -43.7089518476 
67.2084 -10.6934 0.0 -180.043869474 110.364575607 -43.7360287217 
67.2084 -10.6934 0.0 -180.092029275 110.461555485 -43.7586332039 
67.2084 -10.6934 0.0 -180.136999241 110.449335296 -43.7802548522 
67.2084 -10.6934 0.0 -180.09825806 110.425384968 -43.6972417494 
67.2084 -10.6934 0.0 -180.082139276 110.398018724 -43.7021086468 
67.2084 -10.6934 0.0 -180.069035876 110.462329595 -43.7082405893 
67.2084 -10.6934 0.0 -180.056340795 110.422547102 -43.7139323185 
67.2084 -10.6934 0.0 -180.126958401 110.385696769 -43.7245655134 
67.2084 -10.6934 0.0 -180.136000718 110.450697753 -43.7188842151 
67.2084 -10.6934 0.0 -180.121551004 110.414327973 -43.7260548578 
64.6684 -40.5384 0.0 -184.616676037 81.0490739794 -44.1870718626 
64.6684 -40.5384 0.0 -184.618778937 81.1066548269 -44.1949704905 
64.6684 -40.5384 0.0 -184.619978317 81.0587484358 -44.2012300938 
64.6684 -40.5384 0.0 -184.621261596 81.0061794316 -44.2080645722 
64.6684 -40.5384 0.0 -184.698732094 81.0716590435 -44.223657996 
64.6684 -40.5384 0.0 -184.698207323 81.0428825822 -44.2252122812 
64.6684 -40.5384 0.0 -184.600037543 81.0263986943 -44.2303948078 
64.6684 -40.5384 0.0 -184.688065661 81.008021614 -44.2367994438 
64.6684 -40.5384 0.0 -184.675577332 81.0929101298 -44.2420975556 
64.6684 -40.5384 0.0 -184.65105075 81.0640645525 -44.2531294998 
64.6684 -40.5384 0.0 -184.626331545 81.0445469832 -44.2629049068 
64.6684 -40.5384 0.0 -184.613886362 81.0294005097 -44.1681371602 
64.6684 -40.5384 0.0 -184.601731142 81.0203401363 -44.1732507564 
64.6684 -40.5384 0.0 -184.689688394 81.0065998535 -44.1789562988 
64.6684 -40.5384 0.0 -184.690306076 81.0986582744 -44.1806469956 
64.6684 -40.5384 0.0 -184.690320364 81.0712580327 -44.2824902896 
64.6684 -40.5384 0.0 -184.615866602 81.0734994516 -44.1756629893 
64.6684 -40.5384 0.0 -184.63010178 81.0767730584 -44.174952778 
64.6684 -40.5384 0.0 -184.668322643 81.0574073996 -44.1659023172 
64.6684 -40.5384 0.0 -184.683199473 81.0253277532 -44.2686613169 
64.6684 -40.5384 0.0 -184.723402186 81.077422301 -44.2651063541 
64.6684 -40.5384 0.0 -184.703449699 81.0075752443 -44.2554520079 
64.6684 -40.5384 0.0 -184.686013373 81.0057734563 -44.2519807232 
64.6684 -40.5384 0.0 -184.707746358 81.0671387327 -44.1411238387 
64.6684 -40.5384 0.0 -184.631676494 81.0782532032 -44.236020006 
64.6684 -40.5384 0.0 -184.671384139 81.0441358095 -44.2333554416 
64.6684 -40.5384 0.0 -184.650550721 81.0740655778 -44.2212506007 
64.6684 -40.5384 0.0 -184.632229222 81.0926688114 -44.2107008229 
64.6684 -40.5384 0.0 -184.638483849 81.0028881087 -44.1882998187 
64.6684 -40.5384 0.0 -184.633342542 81.016850304 -44.2680022126 
64.6684 -40.5384 0.0 -184.628641828 81.0528812006 -44.2443408131 
64.6684 -40.5384 0.0 -184.646664769 81.0052576867 -44.2050801171 
64.6684 -40.5384 0.0 -184.670006121 81.0402999225 -44.2706469868 
64.6684 -40.5384 0.0 -184.705325571 81.030746424 -44.22829957 
64.6684 -40.5384 0.0 -184.697573507 81.0450306242 -44.2724666062 
64.6684 -40.5384 0.0 -184.69835924 80.9672164134 -44.3198520183 
64.6684 -40.5384 0.0 -184.664470412 81.0106737424 -44.2372117014 
64.6684 -40.5384 0.0 -184.726663006 80.9784431972 -44.2555075858 
64.6684 -40.5384 0.0 -184.692455216 81.0242498132 -44.2612570327 
64.6684 -40.5384 0.0 -184.628942163 80.9748101425 -44.259406077 
64.6684 -40.5384 0.0 -184.705129383 80.9731235586 -44.2729253674 
64.6684 -40.5384 0.0 -184.676591433 81.0518490325 -44.275313254 
64.6684 -40.5384 0.0 -184.663721868 80.9181925913 -44.303006584 
64.6684 -40.5384 0.0 -184.708801301 80.9584231443 -44.2417614363 
64.6684 -40.5384 0.0 -184.671702073 80.9163954428 -44.3151417779 
64.6684 -40.5384 0.0 -184.675801608 80.9636998889 -44.3097584333 
64.6684 -40.5384 0.0 -184.632403533 80.9095699507 -44.3230132469 
64.6684 -40.5384 0.0 -184.706950965 80.9169592952 -44.2709041243 
64.6684 -40.5384 0.0 -184.64221758 80.8851070529 -44.237600966 
64.6684 -40.5384 0.0 -184.708677373 80.8770778058 -44.3275376444 
64.6684 -40.5384 0.0 -184.742463562 80.9212290922 -44.3263997946 
64.6684 -40.5384 0.0 -184.73632172 80.9128982997 -44.240702807 
64.6684 -40.5384 0.0 -184.702440073 80.9230009702 -44.2612716123 
64.6684 -40.5384 0.0 -184.725865147 80.9799739316 -44.2921541058 
64.6684 -40.5384 0.0 -184.653309408 81.012735596 -44.2479150156 
64.6684 -40.5384 0.0 -184.728307083 80.9780889328 -44.3128280881 
64.6684 -40.5384 0.0 -184.644230017 80.9291435401 -44.2573751217 
64.6684 -40.5384 0.0 -184.714477585 80.925092607 -44.1789913623 
64.6684 -40.5384 0.0 -184.629035806 80.9553601878 -44.182682492 
64.6684 -40.5384 0.0 -184.673435022 80.9244427554 -44.176116305 
64.6684 -40.5384 0.0 -184.746277402 80.9575088422 -44.2597854436 
64.6684 -40.5384 0.0 -184.713086537 80.9515869263 -44.1178741153 
64.6684 -40.5384 0.0 -184.699057397 80.966601859 -44.1737275772 
64.6684 -40.5384 0.0 -184.654433902 80.8985238009 -44.2127195248 
64.6684 -40.5384 0.0 -184.653067259 80.9636603734 -44.2448207472 
64.6684 -40.5384 0.0 -184.718519607 80.9718704752 -44.2601205608 
64.6684 -40.5384 0.0 -184.674730989 80.9365857579 -44.1475830281 
64.6684 -40.5384 0.0 -184.649562056 80.9549002684 -44.1381846527 
64.6684 -40.5384 0.0 -184.675932415 80.9560638232 -44.1107789092 
64.6684 -40.5384 0.0 -184.628846109 80.9430581918 -44.1744155087 
64.6684 -40.5384 0.0 -184.621999513 80.9123935646 -44.1244985764 
64.6684 -40.5384 0.0 -184.665550622 80.9573729212 -44.1549791898 
64.6684 -40.5384 0.0 -184.6946309 80.9130771059 -44.1593607804 
64.6684 -40.5384 0.0 -184.687792353 80.9537749008 -44.1375454465 
64.6684 -40.5384 0.0 -184.6941719 80.8997330909 -44.2053298251 
64.6684 -40.5384 0.0 -184.706294732 80.992763307 -44.2607960511 
64.6684 -40.5384 0.0 -184.716852638 80.940426371 -44.2172949241 
64.6684 -40.5384 0.0 -184.723520538 80.9504884724 -44.2704904531 
64.6684 -40.5384 0.0 -184.733614451 80.9457132047 -44.2192253096 
64.6684 -40.5384 0.0 -184.727545813 80.9321141342 -44.1773475969 
64.6684 -40.5384 0.0 -184.68981536 80.9046240936 -44.2490135289 
64.6684 -40.5384 0.0 -184.715217504 80.8972152735 -44.2375905013 
64.6684 -40.5384 0.0 -184.699259412 80.8878792271 -44.2482862203 
64.6684 -40.5384 0.0 -184.745812589 80.9161074199 -44.2767026896 
64.6684 -40.5384 0.0 -184.74204594 80.9724098953 -44.3248121341 
64.6684 -40.5384 0.0 -184.706064959 80.9628058464 -44.2868181348 
64.6684 -40.5384 0.0 -184.724551332 80.9394678063 -44.2587835293 
64.6684 -40.5384 0.0 -184.81311704 80.8997137568 -44.3324975608 
64.6684 -40.5384 0.0 -184.752298988 80.871094784 -44.3083001374 
64.6684 -40.5384 0.0 -184.740904703 80.9600455502 -44.2895963876 
64.6684 -40.5384 0.0 -184.766876232 80.9308888891 -44.2796553911 
64.6684 -40.5384 0.0 -184.738093375 80.9863728154 -44.2700888353 
64.6684 -40.5384 0.0 -184.722252235 80.9476292375 -44.2807638519 
64.6684 -40.5384 0.0 -184.738937393 81.0303477511 -44.2925808683 
64.6684 -40.5384 0.0 -184.691430556 81.053682759 -44.3048189808 
64.6684 -40.5384 0.0 -184.68461985 81.0631550689 -44.3211433404 
64.6684 -40.5384 0.0 -184.765288146 81.0588038271 -44.3179470309 
64.6684 -40.5384 0.0 -184.715944855 81.0831516641 -44.3189080055 
64.6684 -40.5384 0.0 -184.735673843 81.0268873411 -44.3276999655 
64.6684 -40.5384 0.0 -184.663216731 81.0899735471 -44.3353460331 
64.6684 -40.5384 0.0 -184.685704332 81.0541521516 -44.3531334024 
64.6684 -40.5384 0.0 -184.727526447 81.0944465416 -44.2812890143 
64.6684 -40.5384 0.0 -184.753925015 81.0140900074 -44.3393260231 
64.6684 -40.5384 0.0 -184.736378773 81.1004916749 -44.305471692 
64.6684 -40.5384 0.0 -184.741904833 81.0509428449 -44.3000085306 
64.6684 -40.5384 0.0 -184.758022844 81.1064005149 -44.3124501414 
64.6684 -40.5384 0.0 -184.732610178 81.1012128441 -44.2488422655 
64.6684 -40.5384 0.0 -184.688889164 81.0473981967 -44.2958965296 
64.6684 -40.5384 0.0 -184.68657465 81.0997545762 -44.2466924333 
64.6684 -40.5384 0.0 -184.724521444 81.0966112117 -44.2932338479 
64.6684 -40.5384 0.0 -184.663453432 81.071904815 -44.236728358 
64.6684 -40.5384 0.0 -184.626113368 81.0715288252 -44.2598507624 
64.6684 -40.5384 0.0 -184.653729651 81.1026033235 -44.2940074433 
64.6684 -40.5384 0.0 -184.68434001 81.021409947 -44.2231078095 
64.6684 -40.5384 0.0 -184.624643053 81.0916957622 -44.2270224792 
64.6684 -40.5384 0.0 -184.666375531 80.9881336616 -44.2219602981 
64.6684 -40.5384 0.0 -184.645464569 80.9896993617 -44.1946735592 
64.6684 -40.5384 0.0 -184.679398081 81.0850202191 -44.1536491909 
64.6684 -40.5384 0.0 -184.652953919 81.0452989996 -44.1954570786 
64.6684 -40.5384 0.0 -184.680743794 81.0667291487 -44.2176099334 
64.6684 -40.5384 0.0 -184.64947275 80.9750708675 -44.2225017783 
64.6684 -40.5384 0.0 -184.671376778 80.9687903521 -44.2017195178 
64.6684 -40.5384 0.0 -184.732935338 80.9703344464 -44.1602937079 
64.6684 -40.5384 0.0 -184.632938625 81.0042806832 -44.1971815691 
64.6684 -40.5384 0.0 -184.668009459 80.9877413107 -44.2110991725 
64.6684 -40.5384 0.0 -184.640068585 80.9370189806 -44.2055051962 
64.6684 -40.5384 0.0 -184.738547465 80.9637454469 -44.1879705568 
64.6684 -40.5384 0.0 -184.667608673 80.9949678627 -44.2516516618 
64.6684 -40.5384 0.0 -184.720380375 80.9840937834 -44.2052524355 
64.6684 -40.5384 0.0 -184.786539152 80.904404017 -44.2506017784 
64.6684 -40.5384 0.0 -184.687933528 80.9666205353 -44.2786434041 
64.6684 -40.5384 0.0 -184.790032438 80.9125316534 -44.2964786717 
64.6684 -40.5384 0.0 -184.715507346 80.8780274246 -44.1983454735 
64.6684 -40.5384 0.0 -184.707016973 80.9407424137 -44.2086323373 
64.6684 -40.5384 0.0 -184.779561282 80.9323038756 -44.2175468413 
64.6684 -40.5384 0.0 -184.784129039 80.8780576665 55.6493026636 
64.6684 -40.5384 0.0 -184.784465595 80.9003940653 55.7133977002 
64.6684 -40.5384 0.0 -184.788305558 80.9339939611 55.6312956646 
64.6684 -40.5384 0.0 -184.76460545 80.9324838103 55.7313536906 
64.6684 -40.5384 0.0 -184.727114743 80.8624332698 55.6769613319 
64.6684 -40.5384 0.0 -184.819952063 80.9318868632 55.6841694488 
64.6684 -40.5384 0.0 -184.738167604 80.9113325069 55.6621227479 
64.6684 -40.5384 0.0 -184.816049287 80.9639402786 55.633257805 
64.6684 -40.5384 0.0 -184.732774795 80.9243334219 55.6836996237 
64.6684 -40.5384 0.0 -184.767655416 80.9029238342 55.7096943622 
64.6684 -40.5384 0.0 -184.7517378 80.8747445371 55.6318176432 
64.6684 -40.5384 0.0 -184.762155641 80.9362377107 55.6336815183 
64.6684 -40.5384 0.0 -184.805206645 80.9778327801 55.6268625307 
64.6684 -40.5384 0.0 -184.823937034 80.9214260891 -44.3738961449 
64.6684 -40.5384 0.0 -184.817182938 80.9529050022 -44.2667534833 
64.6684 -40.5384 0.0 -184.750075827 80.9922772951 -44.2669420039 
64.6684 -40.5384 0.0 -184.761812265 81.0567490301 -44.2584007927 
64.6684 -40.5384 0.0 -184.747551761 80.9846851077 -44.3387650355 
64.6684 -40.5384 0.0 -184.756141497 81.0434632648 -44.3087957081 
64.6684 -40.5384 0.0 -184.809168841 80.9788980148 -44.2650029463 
64.6684 -40.5384 0.0 -184.801587646 80.9594866575 -44.3302012903 
64.6684 -40.5384 0.0 -184.755092068 80.9747781203 -44.2984276412 
64.6684 -40.5384 0.0 -184.780936924 81.0256061977 -44.2684385316 
64.6684 -40.5384 0.0 -184.766340905 81.0464628349 -44.2436701664 
64.6684 -40.5384 0.0 -184.696403889 81.0657984079 -44.2232071379 
64.6684 -40.5384 0.0 -184.7589577 80.9910549003 -44.3102112904 
64.6684 -40.5384 0.0 -184.675052873 81.0405094215 -44.2868795684 
64.6684 -40.5384 0.0 -184.710084398 81.0158450478 -44.2681200873 
64.6684 -40.5384 0.0 -184.701046039 81.0409771796 -44.3376226185 
64.6684 -40.5384 0.0 -184.720989285 81.0113938742 -44.2980132023 
64.6684 -40.5384 0.0 -184.673783526 80.9484519163 -44.3526965544 
64.6684 -40.5384 0.0 -184.685783062 80.9638190002 -44.2900988336 
64.6684 -40.5384 0.0 -184.636538264 80.9676563718 -44.3174203141 
64.6684 -40.5384 0.0 -184.744820443 80.9471349831 -44.2162663476 
64.6684 -40.5384 0.0 -184.682713447 80.9292188085 -44.2904231546 
64.6684 -40.5384 0.0 -184.657148589 80.8751995515 -44.2360705786 
64.6684 -40.5384 0.0 -184.647328601 80.943673771 -44.2615100973 
64.6684 -40.5384 0.0 -184.749798475 80.9530100772 -44.2702782912 
64.6684 -40.5384 0.0 -184.7048098 80.9198630232 -44.2540034779 
64.6684 -40.5384 0.0 -184.740214914 80.9368683018 -44.2293000824 
64.6684 -40.5384 0.0 -184.69970296 80.8960210895 -44.2896161759 
64.6684 -40.5384 0.0 -184.780331834 80.9053587474 -44.3343276843 
64.6684 -40.5384 0.0 -184.67991962 80.8944586605 -44.2713518254 
64.6684 -40.5384 0.0 -184.774103195 80.9390810973 -44.3058544128 
64.6684 -40.5384 0.0 -184.746298066 80.8632215164 -44.3450469492 
64.6684 -40.5384 0.0 -184.711762379 80.9061906547 -44.294565464 
64.6684 -40.5384 0.0 -184.77196689 80.9474946966 55.7501585133 
64.6684 -40.5384 0.0 -184.793042376 80.9176305177 55.6727762527 
64.6684 -40.5384 0.0 -184.783354376 80.8699175569 55.6749795159 
64.6684 -40.5384 0.0 -184.762065348 80.899298805 55.674372807 
64.6684 -40.5384 0.0 -184.814364104 80.8516872467 55.660983259 
64.6684 -40.5384 0.0 -184.75789711 80.8507559536 55.6460740288 
64.6684 -40.5384 0.0 -184.759235812 80.8576949585 55.6144837167 
64.6684 -40.5384 0.0 -184.837402144 80.9085512238 55.6747541912 
64.6684 -40.5384 0.0 -184.783874957 80.9114242649 55.6218935492 
64.6684 -40.5384 0.0 -184.77420918 80.8594708952 55.6462225373 
64.6684 -40.5384 0.0 -184.81589469 80.861403483 55.6540760586 
64.6684 -40.5384 0.0 -184.801741122 80.8997849069 55.6422092627 
64.6684 -40.5384 0.0 -184.817815026 80.8724617425 55.6048830169 
64.6684 -40.5384 0.0 -184.775303383 80.8629230908 55.6510904156 
64.6684 -40.5384 0.0 -184.796540938 80.9631096606 55.6892845822 
64.6684 -40.5384 0.0 -184.759559426 80.8853979706 55.6148997878 
64.6684 -40.5384 0.0 -184.748005084 80.9041620973 55.6163575182 
64.6684 -40.5384 0.0 -184.796336191 80.9308728197 55.6141732174 
64.6684 -40.5384 0.0 -184.829991231 80.9721497158 55.6220307341 
64.6684 -40.5384 0.0 -184.742349888 80.8942275004 55.630694611 
64.6684 -40.5384 0.0 -184.723881838 80.9668719862 55.6314080324 
64.6684 -40.5384 0.0 -184.799424043 80.9749432893 55.6324606464 
64.6684 -40.5384 0.0 -184.783610849 80.9811818108 -44.3669605735 
64.6684 -40.5384 0.0 -184.798673448 80.9994886062 -44.3571176826 
64.6684 -40.5384 0.0 -184.726238542 80.9841077474 -44.2585855789 
64.6684 -40.5384 0.0 -184.762949386 80.9873178989 -44.2680161684 
64.6684 -40.5384 0.0 -184.719310508 80.9814326548 -44.2814325052 
64.6684 -40.5384 0.0 -184.707006269 81.0205886044 -44.2905294823 
64.6684 -40.5384 0.0 -184.701183586 80.9903645374 -44.3071097383 
64.6684 -40.5384 0.0 -184.722514228 81.0199641945 -44.2157546964 
64.6684 -40.5384 0.0 -184.750383919 80.9935139873 -44.2312234951 
64.6684 -40.5384 0.0 -184.680040099 81.0159960652 -44.2474908472 
64.6684 -40.5384 0.0 -184.699857774 80.9926481858 -44.2694682945 
64.6684 -40.5384 0.0 -184.747287876 81.0125314589 -44.2835278895 
64.6684 -40.5384 0.0 -184.711197014 80.9974032396 -44.2943729301 
64.6684 -40.5384 0.0 -184.714913839 80.9557227214 -44.2906917496 
64.6684 -40.5384 0.0 -184.621186001 80.9899355545 -44.2852136282 
64.6684 -40.5384 0.0 -184.640748517 81.0007844117 -44.2718812654 
64.6684 -40.5384 0.0 -184.697139655 81.0009485957 -44.2391595319 
64.6684 -40.5384 0.0 -184.659181371 80.9448996873 -44.3082932059 
64.6684 -40.5384 0.0 -184.673161674 80.966998549 -44.2568051447 
64.6684 -40.5384 0.0 -184.639421638 80.9705851146 -44.1834558086 
64.6684 -40.5384 0.0 -184.608460027 80.9641379196 -44.2018905539 
64.6684 -40.5384 0.0 -184.616410607 80.992874449 -44.2033124212 
64.6684 -40.5384 0.0 -184.675304046 80.9468920859 -44.1877669148 
64.6684 -40.5384 0.0 -184.610311098 80.9131956433 -44.1419161242 
64.6684 -40.5384 0.0 -184.574147087 80.9936583131 -44.1876655396 
64.6684 -40.5384 0.0 -184.675066306 80.976807893 -44.2127866841 
64.6684 -40.5384 0.0 -184.654034596 80.9821120422 -44.2140308233 
64.6684 -40.5384 0.0 -184.60823152 80.9307611237 -44.1894504439 
64.6684 -40.5384 0.0 -184.68819659 80.9191128249 -44.155089971 
64.6684 -40.5384 0.0 -184.619580324 80.9570962647 -44.2007358417 
64.6684 -40.5384 0.0 -184.672352612 80.8777228815 -44.2396270836 
64.6684 -40.5384 0.0 -184.67571895 80.8908069977 -44.2630443295 
64.6684 -40.5384 0.0 -184.675845377 80.8893120391 -44.1922671134 
64.6684 -40.5384 0.0 -184.715096664 80.9219286493 -44.2030944079 
64.6684 -40.5384 0.0 -184.764573078 80.891354012 -44.3057835538 
64.6684 -40.5384 0.0 -184.716431471 80.887274584 -44.3074670249 
64.6684 -40.5384 0.0 -184.774933527 80.915886376 55.7013517934 
64.6684 -40.5384 0.0 -184.707166981 80.8526947708 55.7079930916 
64.6684 -40.5384 0.0 -184.796990111 80.9167777983 55.7012978312 
64.6684 -40.5384 0.0 -184.774691903 80.9104368065 55.690905821 
64.6684 -40.5384 0.0 -184.777333089 80.9498546872 55.6527011931 
64.6684 -40.5384 0.0 -184.737055055 80.8410910519 55.6940692785 
64.6684 -40.5384 0.0 -184.728517441 80.9122465266 55.7001223143 
64.6684 -40.5384 0.0 -184.744859534 80.8501102783 55.5729893649 
64.6684 -40.5384 0.0 -184.792409378 80.8456935726 55.6118000765 
64.6684 -40.5384 0.0 -184.783454495 80.8867936664 55.6239252074 
64.6684 -40.5384 0.0 -184.725073678 80.870453517 55.6192359575 
64.6684 -40.5384 0.0 -184.714836211 80.905602663 55.6912954837 
64.6684 -40.5384 0.0 -184.74043312 80.8892810028 55.6422997937 
64.6684 -40.5384 0.0 -184.716301526 80.9202707496 55.6734538069 
64.6684 -40.5384 0.0 -184.755791934 80.8813971896 55.7033265623 
64.6684 -40.5384 0.0 -184.721196008 80.9271715185 55.6076024625 
64.6684 -40.5384 0.0 -184.7486292 80.8778740441 55.6043405348 
64.6684 -40.5384 0.0 -184.761893023 80.9965832162 55.7093502445 
64.6684 -40.5384 0.0 -184.724197436 80.9229429683 55.7015628505 
64.6684 -40.5384 0.0 -184.753290789 80.94336778 55.6877755579 
64.6684 -40.5384 0.0 -184.751768721 80.9716496954 55.6794606776 
64.6684 -40.5384 0.0 -184.728638771 81.002938501 55.6739415639 
64.6684 -40.5384 0.0 -184.703595579 81.0357497969 55.6844249481 
64.6684 -40.5384 0.0 -184.747131222 81.03258114 55.6866009295 
64.6684 -40.5384 0.0 -184.792991406 80.9890425201 -44.3014949199 
64.6684 -40.5384 0.0 -184.756395447 80.9860472201 -44.2808002003 
64.6684 -40.5384 0.0 -184.752455197 81.0048062877 -44.2529879239 
64.6684 -40.5384 0.0 -184.729627965 80.9501041641 -44.239283835 
64.6684 -40.5384 0.0 -184.762081477 81.0032004174 -44.2126806034 
64.6684 -40.5384 0.0 -184.701604467 81.0636662974 -44.2973638486 
64.6684 -40.5384 0.0 -184.786883922 81.0315417409 -44.2824000057 
64.6684 -40.5384 0.0 -184.71802109 81.0256467957 -44.2680704721 
64.6684 -40.5384 0.0 -184.666798669 81.0320117478 -44.2615670118 
64.6684 -40.5384 0.0 -184.669382625 81.0740651676 -44.2457716464 
64.6684 -40.5384 0.0 -184.676621382 81.06838788 -44.2383727556 
64.6684 -40.5384 0.0 -184.72403108 81.0232699801 -44.2223791664 
64.6684 -40.5384 0.0 -184.672402688 81.0667220302 -44.2067870742 
64.6684 -40.5384 0.0 -184.720864039 81.0053821401 -44.2890087316 
64.6684 -40.5384 0.0 -184.686835893 81.0274667783 -44.2728193638 
64.6684 -40.5384 0.0 -184.67816321 81.0915843217 -44.2471564829 
64.6684 -40.5384 0.0 -184.690111771 81.0838250418 -44.2279113368 
64.6684 -40.5384 0.0 -184.658583007 81.0743591815 -44.2992338268 
64.6684 -40.5384 0.0 -184.687409996 81.0569557475 -44.2629505417 
64.6684 -40.5384 0.0 -184.702197887 81.0366542177 -44.2057151548 
64.6684 -40.5384 0.0 -184.649577398 81.0261293814 -44.2351981583 
64.6684 -40.5384 0.0 -184.638579115 81.0012509662 -44.2389301702 
64.6684 -40.5384 0.0 -184.679879999 80.9669785415 -44.2093112435 
64.6684 -40.5384 0.0 -184.738354462 81.0338962547 -44.2600922751 
64.6684 -40.5384 0.0 -184.636633368 81.0347344991 -44.1849349851 
64.6684 -40.5384 0.0 -184.633156742 80.9779921059 -44.2944073038 
64.6684 -40.5384 0.0 -184.662129905 80.9967053162 -44.2783921022 
64.6684 -40.5384 0.0 -184.693171189 80.9795626923 -44.2576899068 
64.6684 -40.5384 0.0 -184.632104452 81.0100824799 -44.2203387842 
64.6684 -40.5384 0.0 -184.666931454 80.9711002429 -44.2752545015 
64.6684 -40.5384 0.0 -184.640697806 80.9575282439 -44.21437794 
64.6684 -40.5384 0.0 -184.669615245 80.8830141157 -44.259326596 
64.6684 -40.5384 0.0 -184.70908056 80.8690080909 -44.3005660358 
64.6684 -40.5384 0.0 -184.74623429 80.9146961316 -44.2408604031 
64.6684 -40.5384 0.0 -184.65112818 80.9254632024 -44.2959187974 
64.6684 -40.5384 0.0 -184.714748228 80.8876548755 55.7310905671 
64.6684 -40.5384 0.0 -184.767433963 80.930832961 55.7512660036 
64.6684 -40.5384 0.0 -184.781966314 80.8163533372 55.6496329196 
64.6684 -40.5384 0.0 -184.679721441 80.868038506 55.6331132206 
64.6684 -40.5384 0.0 -184.757731738 80.8948362459 55.7013356076 
64.6684 -40.5384 0.0 -184.699622599 80.8985661665 55.6456801424 
64.6684 -40.5384 0.0 -184.719032516 80.8851121493 55.671804908 
64.6684 -40.5384 0.0 -184.694318373 80.847587759 55.6698917777 
64.6684 -40.5384 0.0 -184.736849358 80.86694036 55.6513508456 
64.6684 -40.5384 0.0 -184.764053819 80.8702367921 55.7235176948 
64.6684 -40.5384 0.0 -184.738584613 80.9188271565 55.6699555218 
64.6684 -40.5384 0.0 -184.791645739 80.9211782179 55.7101780355 
64.6684 -40.5384 0.0 -184.765895654 80.8904254664 55.7114901239 
64.6684 -40.5384 0.0 -184.780946058 80.9354195398 55.6967989004 
64.6684 -40.5384 0.0 -184.750947435 80.9231527156 55.6779450703 
64.6684 -40.5384 0.0 -184.696784011 80.9002206037 -44.2349514995 
64.6684 -40.5384 0.0 -184.777361771 80.8878790841 -44.2586029981 
64.6684 -40.5384 0.0 -184.716788666 80.9184010384 -44.2791948096 
64.6684 -40.5384 0.0 -184.708194712 80.9792716067 -44.3013812867 
64.6684 -40.5384 0.0 -184.768628866 80.9735946381 -44.3070265567 
64.6684 -40.5384 0.0 -184.733390346 80.9550406486 -44.29102069 
64.6684 -40.5384 0.0 -184.752010397 80.9835413512 -44.3745868427 
64.6684 -40.5384 0.0 -184.788123186 80.9552740776 -44.3356421552 
64.6684 -40.5384 0.0 -184.748026682 81.0533566495 -44.2855273453 
64.6684 -40.5384 0.0 -184.729742829 80.9540876091 -44.3281550276 
64.6684 -40.5384 0.0 -184.771852509 81.0215453585 -44.2589202817 
64.6684 -40.5384 0.0 -184.727332615 80.9522381915 -44.3059309626 
64.6684 -40.5384 0.0 -184.743168746 81.0369601741 -44.3515472236 
64.6684 -40.5384 0.0 -184.697550552 80.9930911455 -44.3118749009 
64.6684 -40.5384 0.0 -184.683304809 81.0571931206 -44.2754665931 
64.6684 -40.5384 0.0 -184.651954058 81.0490195613 -44.2278208823 
64.6684 -40.5384 0.0 -184.700677788 80.9837839022 -44.29582975 
64.6684 -40.5384 0.0 -184.690609171 81.0794420907 -44.2565910393 
64.6684 -40.5384 0.0 -184.721869079 81.0360900488 -44.2097925413 
64.6684 -40.5384 0.0 -184.65916462 81.0534251997 -44.2705431942 
64.6684 -40.5384 0.0 -184.72481107 81.0315943015 -44.2268366205 
64.6684 -40.5384 0.0 -184.707272253 80.9594205177 -44.2813268788 
64.6684 -40.5384 0.0 -184.724328732 81.0069566122 -44.2361428717 
64.6684 -40.5384 0.0 -184.685114713 80.9610463894 -44.2941384939 
64.6684 -40.5384 0.0 -184.687513 80.9789585482 -44.2461066761 
64.6684 -40.5384 0.0 -184.621251556 80.9498038123 -44.279324924 
64.6684 -40.5384 0.0 -184.671065392 80.9105935926 -44.1945345674 
64.6684 -40.5384 0.0 -184.644753141 80.9049929726 -44.1868454765 
64.6684 -40.5384 0.0 -184.619760589 80.9041805204 -44.2641975269 
64.6684 -40.5384 0.0 -184.669118697 80.9416807068 -44.2032354959 
64.6684 -40.5384 0.0 -184.686165548 80.9409617433 -44.2391520549 
64.6684 -40.5384 0.0 -184.640168905 80.8954168733 -44.2537016079 
64.6684 -40.5384 0.0 -184.688675556 80.93552557 -44.2671957968 
64.6684 -40.5384 0.0 -184.660562096 80.9205967785 -44.2649631099 
64.6684 -40.5384 0.0 -184.74932083 80.9723045049 -44.2499310277 
64.6684 -40.5384 0.0 -184.736607796 80.8630980907 -44.2375929206 
64.6684 -40.5384 0.0 -184.669870927 80.8982734409 -44.2039021808 
64.6684 -40.5384 0.0 -184.674491777 80.8604236735 -44.279446544 
64.6684 -40.5384 0.0 -184.686878212 80.8539856137 -44.246574282 
64.6684 -40.5384 0.0 -184.682904379 80.8840408723 -44.22182152 
64.6684 -40.5384 0.0 -184.669915937 80.8689026927 -44.1996802799 
64.6684 -40.5384 0.0 -184.712930134 80.907843327 -44.2964917256 
64.6684 -40.5384 0.0 -184.748111918 80.926507372 -44.3037849493 
64.6684 -40.5384 0.0 -184.74708257 80.9302237045 -44.3307705032 
64.6684 -40.5384 0.0 -184.704564838 80.8478823767 -44.2847475103 
64.6684 -40.5384 0.0 -184.718052753 80.8487286113 -44.2672370531 
64.6684 -40.5384 0.0 -184.699931013 80.8659862276 -44.264857 
64.6684 -40.5384 0.0 -184.737308786 80.8668380979 -44.287904531 
64.6684 -40.5384 0.0 -184.723304765 80.8555159329 -44.2316669179 
64.6684 -40.5384 0.0 -184.778198327 80.8833224796 -44.2839973691 
64.6684 -40.5384 0.0 -184.703268475 80.867573631 -44.2459515194 
64.6684 -40.5384 0.0 -184.774256175 80.873772998 -44.324288029 
64.6684 -40.5384 0.0 -184.737790601 80.9139308115 -44.2934269966 
64.6684 -40.5384 0.0 -184.790990904 80.919537083 -44.2558405817 
64.6684 -40.5384 0.0 -184.732298107 80.8679284331 -44.308761111 
64.6684 -40.5384 0.0 -184.751396103 80.8833083454 -44.2590319129 
64.6684 -40.5384 0.0 -184.705456613 80.9127346542 -44.3247206246 
64.6684 -40.5384 0.0 -184.749740652 80.9455114228 -44.283460384 
64.6684 -40.5384 0.0 -184.753794395 80.897768648 -44.2409965964 
64.6684 -40.5384 0.0 -184.739653008 80.9392028056 -44.2956021884 
64.6684 -40.5384 0.0 -184.720148617 80.951877557 -44.2478510271 
64.6684 -40.5384 0.0 -184.719213702 80.9778330754 -44.2867781205 
64.6684 -40.5384 0.0 -184.76520414 80.9295659233 -44.3138221545 
64.6684 -40.5384 0.0 -184.721336408 80.993877144 -44.2449467043 
64.6684 -40.5384 0.0 -184.711917131 80.9679224489 -44.2725721159 
64.6684 -40.5384 0.0 -184.70894996 80.9694534846 -44.2043868697 
64.6684 -40.5384 0.0 -184.713963103 81.0223534694 -44.2424058886 
64.6684 -40.5384 0.0 -184.71991092 80.9490119161 -44.2805937632 
64.6684 -40.5384 0.0 -184.669140136 81.0411987619 -44.2096028742 
64.6684 -40.5384 0.0 -184.735318544 80.9587439542 -44.242282268 
64.6684 -40.5384 0.0 -184.736681452 80.9923626988 -44.2795932177 
64.6684 -40.5384 0.0 -184.679329625 80.9660101834 -44.3106059732 
64.6684 -40.5384 0.0 -184.665353693 80.9951929275 -44.2374541557 
64.6684 -40.5384 0.0 -184.6684937 80.9811490345 -44.2668218439 
64.6684 -40.5384 0.0 -184.68677576 81.0316344296 -44.1915710667 
64.6684 -40.5384 0.0 -184.696641824 80.9534693696 -44.2247244764 
64.6684 -40.5384 0.0 -184.720514305 80.9637745972 -44.2533857915 
64.6684 -40.5384 0.0 -184.671931307 80.959396774 -44.2735931435 
64.6684 -40.5384 0.0 -184.615354344 80.9852076447 -44.199336369 
64.6684 -40.5384 0.0 -184.646864428 81.025754303 -44.2243699764 
64.6684 -40.5384 0.0 -184.670251232 81.0416417473 -44.2404642412 
64.6684 -40.5384 0.0 -184.665684439 81.0191486804 -44.2612521295 
64.6684 -40.5384 0.0 -184.67638746 80.9963839586 -44.267459965 
64.6684 -40.5384 0.0 -184.644803848 80.9322866957 -44.1812591701 
64.6684 -40.5384 0.0 -184.619412776 81.0326982976 -44.1872819673 
64.6684 -40.5384 0.0 -184.667896525 80.9524888576 -44.3017225109 
64.6684 -40.5384 0.0 -184.650881426 80.9964043291 -44.3013451259 
64.6684 -40.5384 0.0 -184.63531766 80.9383360028 -44.2047660763 
64.6684 -40.5384 0.0 -184.645211545 80.9690300306 -44.1989313549 
64.6684 -40.5384 0.0 -184.643847219 80.9853399943 -44.197216403 
64.6684 -40.5384 0.0 -184.658400316 80.9919182994 -44.195316496 
64.6684 -40.5384 0.0 -184.670238994 80.9837858826 -44.2898900033 
64.6684 -40.5384 0.0 -184.708723565 80.9919498719 -44.1781300907 
64.6684 -40.5384 0.0 -184.634541563 80.9129206383 -44.1720105292 
64.6684 -40.5384 0.0 -184.657197602 80.9451740753 -44.2625115029 
64.6684 -40.5384 0.0 -184.668046025 80.9747000651 -44.2552012129 
64.6684 -40.5384 0.0 -184.667471231 80.997229212 -44.2564020967 
64.6684 -40.5384 0.0 -184.690116452 80.9294808853 -44.2468084013 
64.6684 -40.5384 0.0 -184.712498136 80.943848405 -44.2362515721 
64.6684 -40.5384 0.0 -184.636531191 80.95978018 -44.2283763784 
64.6684 -40.5384 0.0 -184.64848568 80.9659941085 -44.2249890294 
64.6684 -40.5384 0.0 -184.661139992 80.964049861 -44.2224855793 
64.6684 -40.5384 0.0 -184.671582768 80.9830662241 -44.218419685 
64.6684 -40.5384 0.0 -184.669250784 81.0005255336 -44.2179697106 
64.6684 -40.5384 0.0 -184.6526333 80.9292404149 -44.2204504221 
64.6684 -40.5384 0.0 -184.635331579 80.9661106161 -44.2219860224 
64.6684 -40.5384 0.0 -184.703762816 81.0142366226 -44.2263641401 
64.6684 -40.5384 0.0 -184.668536859 80.9961153055 -44.2282090485 
64.6684 -40.5384 0.0 -184.63266487 80.9861134293 -44.2288616217 
64.6684 -40.5384 0.0 -184.686468148 80.9715172233 -44.2353752385 
64.6684 -40.5384 0.0 -184.655308479 80.9409904599 -44.2387750875 
64.6684 -40.5384 0.0 -184.650192586 80.9875103803 -44.2352016543 
64.6684 -40.5384 0.0 -184.735246884 81.0068804695 -44.2368902185 
64.6684 -40.5384 0.0 -184.660796506 80.9099768084 -44.2297515607 
64.6684 -40.5384 0.0 -184.662968166 80.9890582688 -44.2316296917 
64.6684 -40.5384 0.0 -184.692935883 80.9537621923 -44.2270471259 
64.6684 -40.5384 0.0 -184.635470141 81.0020948337 -44.2180799969 
64.6684 -40.5384 0.0 -184.668271428 80.9342631869 -44.2172409023 
64.6684 -40.5384 0.0 -184.699683247 80.9826765686 -44.2143298884 
64.6684 -40.5384 0.0 -184.641446288 80.935653076 -44.3051844086 
64.6684 -40.5384 0.0 -184.670686436 81.0049930819 -44.300379701 
64.6684 -40.5384 0.0 -184.698442938 80.9871295645 -44.2947780882 
64.6684 -40.5384 0.0 -184.620843572 81.0013984187 -44.2840581684 
64.6684 -40.5384 0.0 -184.633111983 80.9255045716 -44.2813647372 
64.6684 -40.5384 0.0 -184.629433785 80.9592476118 -44.2788893562 
64.6684 -40.5384 0.0 -184.625759915 80.9929854415 -44.2763816751 
64.6684 -40.5384 0.0 -184.710276221 80.9349634773 -44.2791979882 
64.6684 -40.5384 0.0 -184.706609533 80.9686958563 -44.2766177381 
64.6684 -40.5384 0.0 -184.701277179 81.0007659889 -44.2713476595 
64.6684 -40.5384 0.0 -184.675200071 80.9202719054 -44.279507767 
64.6684 -40.5384 0.0 -184.674492941 80.9284086735 -44.2785230534 
64.6684 -40.5384 0.0 -184.675200071 81.0202719054 -44.279507767 
64.6684 -40.5384 0.0 -184.676613034 81.0039960357 -44.2814718649 
64.6684 -40.5384 0.0 -184.678794129 80.983062541 -44.2832731311 
64.6684 -40.5384 0.0 -184.692090648 80.9620178295 -44.2787463372 
64.6684 -40.5384 0.0 -184.695046935 80.9364311959 -44.280359621 
64.6684 -40.5384 0.0 -184.686821218 81.0074481041 -44.289398325 
64.6684 -40.5384 0.0 -184.700195448 80.9899037627 -44.2836991843 
64.6684 -40.5384 0.0 -184.715087725 80.9670062992 -44.2829014427 
64.6684 -40.5384 0.0 -184.715598903 80.9444369684 -44.2819599799 
64.6684 -40.5384 0.0 -184.633731393 81.0138514148 -44.2834262274 
64.6684 -40.5384 0.0 -184.634940974 80.9831355871 -44.2833877454 
64.6684 -40.5384 0.0 -184.648338642 80.9730135087 -44.2817713619 
64.6684 -40.5384 0.0 -184.660837203 80.9566355147 -44.2773014776 
64.6684 -40.5384 0.0 -184.662931734 80.9321703398 -44.2800691628 
64.6684 -40.5384 0.0 -184.662753906 80.925144256 -44.28228954 
64.6684 -40.5384 0.0 -184.688027934 81.0102908603 -44.2741215809 
64.6684 -40.5384 0.0 -184.687763341 80.8997348944 -44.2774359101 
64.6684 -40.5384 0.0 -184.713722077 80.9767069662 -44.2701505917 
64.6684 -40.5384 0.0 -184.729969938 80.9374001507 -44.2709697419 
64.6684 -40.5384 0.0 -184.670773102 80.991361015 -44.2625865941 
64.6684 -40.5384 0.0 -184.712246292 80.9371184567 -44.254979479 
64.6684 -40.5384 0.0 -184.667960219 80.9715350677 -44.2441618457 
64.6684 -40.5384 0.0 -184.725123284 80.9931007445 -44.233761422 
64.6684 -40.5384 0.0 -184.682154612 81.0110338938 -44.2241707482 
