29.972 -31.496 0.0 -220.165841363 93.0493638623 -42.816536607 
29.972 -31.496 0.0 -220.171566787 93.054353875 -42.8187575919 
29.972 -31.496 0.0 -220.164989316 93.0791668759 -42.8135059975 
29.972 -31.496 0.0 -220.240636775 93.1244625442 -42.8027737444 
29.972 -31.496 0.0 -220.189702293 93.0814865126 -42.794720102 
29.972 -31.496 0.0 -220.213726568 93.1465917246 -42.8847416136 
29.972 -31.496 0.0 -220.150594309 93.1123144168 -42.870237211 
29.972 -31.496 0.0 -220.188069991 93.060537472 -42.8600641773 
29.972 -31.496 0.0 -220.246452725 93.0650677618 -42.8599063588 
29.972 -31.496 0.0 -220.225124601 93.121574898 -42.8684998174 
29.972 -31.496 0.0 -220.220862244 93.0532833011 -42.8813839854 
29.972 -31.496 0.0 -220.244292216 93.0601056766 -42.8973023947 
29.972 -31.496 0.0 -220.279974974 93.057958514 -42.8189672596 
29.972 -31.496 0.0 -220.251420438 93.0022175379 -42.8438617537 
29.972 -31.496 0.0 -220.318097561 93.0621266662 -42.8698509259 
29.972 -31.496 0.0 -220.287044674 93.0444994885 -42.7894056553 
29.972 -31.496 0.0 -220.32174437 93.0657997956 -42.8022872655 
29.972 -31.496 0.0 -220.314783864 93.1137883258 -42.812514248 
29.972 -31.496 0.0 -220.307315469 93.079430751 -42.8186669918 
29.972 -31.496 0.0 -220.285423667 93.1643405391 -42.8208196423 
29.972 -31.496 0.0 -220.268808747 93.1717476643 -42.8211252503 
29.972 -31.496 0.0 -220.348955671 93.0916445288 -42.8189712054 
29.972 -31.496 0.0 -220.309379162 93.09732856 -42.9158577343 
29.972 -31.496 0.0 -220.281622031 93.1115140734 -42.9145539897 
29.972 -31.496 0.0 -220.278932837 93.1173281744 -42.9148443555 
29.972 -31.496 0.0 -220.278932837 93.1173281744 -42.8148443555 
29.972 -31.496 0.0 -220.294893323 93.0946399236 -42.814294912 
29.972 -31.496 0.0 -220.298085267 93.0711854997 -42.9179687958 
29.972 -31.496 0.0 -220.338151235 93.147820242 -42.8250564813 
29.972 -31.496 0.0 -220.365874476 93.1226201442 -42.8274943644 
29.972 -31.496 0.0 -220.29420217 93.1017063859 -42.8314308348 
29.972 -31.496 0.0 -220.308623266 93.0823977279 -42.8353394077 
29.972 -31.496 0.0 -220.305332629 93.0838955746 -42.8341112251 
29.972 -31.496 0.0 -220.312722418 93.0962672126 -42.8304659509 
29.972 -31.496 0.0 -220.294052673 93.1137993 -42.8326159832 
29.972 -31.496 0.0 -220.276917849 93.1279219245 -42.8301800798 
29.972 -31.496 0.0 -220.273692314 93.1404179387 -42.8277477948 
29.972 -31.496 0.0 -220.345349022 93.1503625162 -42.8249675173 
29.972 -31.496 0.0 -220.32769647 93.1711704859 -42.8197478872 
29.972 -31.496 0.0 -220.300497806 93.1787287884 -42.8212071005 
29.972 -31.496 0.0 -220.277532579 93.0770477058 -42.9177796402 
29.972 -31.496 0.0 -220.36368139 93.0896469226 -42.9165218903 
29.972 -31.496 0.0 -220.349830713 93.1022420843 -42.9152545958 
29.972 -31.496 0.0 -220.335980556 93.1148331828 -42.8139777566 
29.972 -31.496 0.0 -220.31093088 93.1232286725 -42.8123316793 
29.972 -31.496 0.0 -220.300290822 93.1233222827 -42.8135178789 
29.972 -31.496 0.0 -220.288563133 93.1257943412 -42.8103886597 
29.972 -31.496 0.0 -220.363505769 93.1232259262 -42.9099156766 
29.972 -31.496 0.0 -220.336856106 93.1240964375 -42.9140206515 
29.972 -31.496 0.0 -220.322994512 93.1257260999 -42.9139046622 
29.972 -31.496 0.0 -220.328348114 93.1140764806 -42.9133543333 
29.972 -31.496 0.0 -220.341661112 93.1081732756 -42.8119077576 
29.972 -31.496 0.0 -220.345394066 93.0890191683 -42.8171475126 
29.972 -31.496 0.0 -220.365126251 93.1581345635 -42.9206289662 
29.972 -31.496 0.0 -220.380592881 93.1364825135 -42.8289682425 
29.972 -31.496 0.0 -220.310970686 93.1054926559 -42.8311952381 
29.972 -31.496 0.0 -220.358462171 93.1603627667 -42.8358642729 
29.972 -31.496 0.0 -220.395810602 93.1427287873 -42.8432370567 
29.972 -31.496 0.0 -220.332182464 93.1043681064 -42.8462320774 
29.972 -31.496 0.0 -220.354615783 93.1127172673 -42.8469174314 
29.972 -31.496 0.0 -220.379749821 93.1152643884 -42.8472642873 
29.972 -31.496 0.0 -220.387179321 93.1386454136 -42.8424860231 
29.972 -31.496 0.0 -220.395166039 93.1553228111 -42.8404063664 
29.972 -31.496 0.0 -220.317070586 93.1703744332 -42.8383144987 
29.972 -31.496 0.0 -220.325065647 93.0870500973 -42.8362115382 
29.972 -31.496 0.0 -220.346376591 93.0977911957 -42.8325482193 
29.972 -31.496 0.0 -220.376279142 93.0844368486 -42.8306623104 
29.972 -31.496 0.0 -220.385966738 93.0810002632 -42.8366870197 
29.972 -31.496 0.0 -220.338324441 93.1649567176 -42.8364806349 
29.972 -31.496 0.0 -220.361351868 93.1555437218 -42.8408819461 
29.972 -31.496 0.0 -220.40725255 93.1644633798 -42.8358030961 
29.972 -31.496 0.0 -220.344609386 93.1744695124 -42.828949307 
29.972 -31.496 0.0 -220.336666159 93.1028681911 -42.8287084982 
29.972 -31.496 0.0 -220.354819315 93.1371053282 -42.8213317759 
29.972 -31.496 0.0 -220.354937993 93.1821658568 -42.8188343569 
29.972 -31.496 0.0 -220.360642403 93.1145796224 -42.8069415669 
29.972 -31.496 0.0 -220.36547509 93.1437115105 -42.8022699937 
29.972 -31.496 0.0 -220.359042119 93.1686760113 -42.7973760747 
29.972 -31.496 0.0 -220.36183461 93.0968944969 -42.7956819799 
29.972 -31.496 0.0 -220.372512614 93.0967003698 -42.7943839992 
29.972 -31.496 0.0 -220.309545855 93.0856372731 -42.7986447117 
29.972 -31.496 0.0 -220.351863587 93.1629876959 -42.8022823045 
29.972 -31.496 0.0 -220.287737768 93.1542216241 -42.8022304563 
29.972 -31.496 0.0 -220.343397008 93.1255412707 -42.8041200496 
29.972 -31.496 0.0 -220.386367701 93.0961265065 -42.8102718151 
29.972 -31.496 0.0 -220.344707741 93.1616429828 -42.8116597396 
29.972 -31.496 0.0 -220.28252911 93.1548294975 -42.8170487056 
29.972 -31.496 0.0 -220.310407953 93.1404551781 -42.8178210839 
29.972 -31.496 0.0 -220.324376466 93.1388310093 -42.8175899032 
29.972 -31.496 0.0 -220.335103818 93.149701928 -42.81498474 
29.972 -31.496 0.0 -220.335158284 93.1608323673 -42.8137587746 
29.972 -31.496 0.0 -220.345885837 93.1717041633 -42.8111417596 
29.972 -31.496 0.0 -220.342642911 93.1841939484 -42.8087631168 
29.972 -31.496 0.0 -220.329337338 93.0902112583 -42.810460193 
29.972 -31.496 0.0 -220.353371079 93.0950638327 -42.8061366913 
29.972 -31.496 0.0 -220.356613857 93.1825755459 -42.8085180034 
29.972 -31.496 0.0 -220.369187509 93.0732448106 -42.8139667322 
29.972 -31.496 0.0 -220.295797024 93.1612002768 -42.8105400794 
29.972 -31.496 0.0 -220.326945603 93.1343260245 -42.8135916386 
29.972 -31.496 0.0 -220.369464297 93.11157405 -42.8166357201 
29.972 -31.496 0.0 -220.290810828 93.112075059 -42.8223698737 
29.972 -31.496 0.0 -220.321371111 93.091924755 -42.8226342948 
29.972 -31.496 0.0 -220.334672261 93.0858900418 -42.8208682403 
29.972 -31.496 0.0 -220.332042839 93.0916312401 -42.821203657 
29.972 -31.496 0.0 -220.342783098 93.1025096523 -42.8185524583 
29.972 -31.496 0.0 -220.351596838 93.1235514779 -42.8176660507 
29.972 -31.496 0.0 -220.362339712 93.1344306995 -42.8149967754 
29.972 -31.496 0.0 -220.358448377 93.1536749733 -42.8099810265 
29.972 -31.496 0.0 -220.357815445 93.1604242174 -42.8073059458 
29.972 -31.496 0.0 -220.269190873 93.1645513335 -42.807300759 
29.972 -31.496 0.0 -220.2798705 93.0642480216 -42.8058622507 
29.972 -31.496 0.0 -220.303268537 93.1657448576 -42.8085051009 
29.972 -31.496 0.0 -220.332486455 93.1479099096 -42.8046222483 
29.972 -31.496 0.0 -220.374461471 93.1217667064 -42.8145112449 
29.972 -31.496 0.0 -220.31701788 93.0877401073 -42.8184723088 
29.972 -31.496 0.0 -220.370997678 93.1577908419 -42.8222877656 
29.972 -31.496 0.0 -220.315551908 93.1247630402 -42.8230904298 
29.972 -31.496 0.0 -220.272947945 93.0934924336 -42.8277673594 
29.972 -31.496 0.0 -220.330395345 93.1622018791 -42.7323171678 
29.972 -31.496 0.0 -220.275004404 93.129133661 -42.732854784 
29.972 -31.496 0.0 -220.30701037 93.0953260691 -42.7378379701 
29.972 -31.496 0.0 -220.329058372 93.1550664185 -42.7468927441 
29.972 -31.496 0.0 -220.362261586 93.1178812087 -42.8473628489 
29.972 -31.496 0.0 -220.313101772 93.1002399353 -42.7482802681 
29.972 -31.496 0.0 -220.265590862 93.0915242662 -42.7519340114 
29.972 -31.496 0.0 -220.281382192 93.1684341191 -42.7506845771 
29.972 -31.496 0.0 -220.29548162 93.1668256252 -42.7500949282 
29.972 -31.496 0.0 -220.296997653 93.1644730265 -42.7540546849 
29.972 -31.496 0.0 -220.304444243 93.1879054149 -42.7491667701 
29.972 -31.496 0.0 -220.326818869 93.114220572 -42.7450506649 
29.972 -31.496 0.0 -220.294047356 93.11094979 -42.848422852 
29.972 -31.496 0.0 -220.296812903 93.1165820471 -42.8468384535 
29.972 -31.496 0.0 -220.288114869 93.118120103 -42.84544028 
29.972 -31.496 0.0 -220.28824472 93.1294342482 -42.8442546812 
29.972 -31.496 0.0 -220.279556141 93.1309608153 -42.7428455279 
29.972 -31.496 0.0 -220.275891466 93.1289472179 -42.7463434634 
29.972 -31.496 0.0 -220.263467397 93.1171212378 -42.7495876099 
29.972 -31.496 0.0 -220.258190987 93.1061108272 -42.7503006885 
29.972 -31.496 0.0 -220.265088705 93.0924000332 -42.7533910316 
29.972 -31.496 0.0 -220.302110889 93.1653944155 -42.753420763 
29.972 -31.496 0.0 -220.323041623 93.1388193757 -42.7570321542 
29.972 -31.496 0.0 -220.359962552 93.1005194448 -42.7581458997 
29.972 -31.496 0.0 -220.379670446 93.1659501271 -42.7672109738 
29.972 -31.496 0.0 -220.402292764 93.1178666662 -42.8700409273 
29.972 -31.496 0.0 -220.319335349 93.1889244459 -42.8794639922 
29.972 -31.496 0.0 -220.33584772 93.1590092713 -42.8806029627 
29.972 -31.496 0.0 -220.352189615 93.1368812881 -42.787443331 
29.972 -31.496 0.0 -220.356685006 93.1210554629 -42.7851135912 
29.972 -31.496 0.0 -220.3486314 93.2044205971 -42.7873576206 
29.972 -31.496 0.0 -220.325681108 93.1962023608 -42.7877814581 
29.972 -31.496 0.0 -220.311502635 93.1977609861 -42.7884671159 
29.972 -31.496 0.0 -220.387474644 93.1928335106 -42.7932349055 
29.972 -31.496 0.0 -220.351078661 93.1793172374 -42.7967795037 
29.972 -31.496 0.0 -220.348369778 93.184990051 -42.7972596325 
29.972 -31.496 0.0 -220.348369778 93.184990051 -42.7972596325 
29.972 -31.496 0.0 -220.349081141 93.1781309615 -42.7997645428 
29.972 -31.496 0.0 -220.338719852 93.1707377834 -42.7955552749 
29.972 -31.496 0.0 -220.314693952 93.1658060731 -42.8002774522 
29.972 -31.496 0.0 -220.314693952 93.1658060731 -42.8002774522 
29.972 -31.496 0.0 -220.322735823 93.1824467636 -42.798085647 
29.972 -31.496 0.0 -220.310568998 93.1851937985 -42.7957442188 
29.972 -31.496 0.0 -220.309861962 93.1920478012 -42.7932352637 
29.972 -31.496 0.0 -220.29729233 93.1912266275 -42.7977863436 
29.972 -31.496 0.0 -220.395698653 93.1936140746 -42.7938718001 
29.972 -31.496 0.0 -220.395698653 93.1936140746 -42.7938718001 
29.972 -31.496 0.0 -220.384949961 93.1826518036 -42.7965376049 
29.972 -31.496 0.0 -220.383126936 93.1927932258 -42.7984202563 
29.972 -31.496 0.0 -220.382422121 93.1996459303 -42.7959080925 
29.972 -31.496 0.0 -220.382602895 93.2109625445 -42.7947966083 
29.972 -31.496 0.0 -220.345196755 93.2337598313 -42.7909676513 
29.972 -31.496 0.0 -220.32012956 93.2651026724 -42.7883308943 
29.972 -31.496 0.0 -220.304925708 93.2029179069 -42.781566295 
29.972 -31.496 0.0 -220.376267093 93.2354254603 -42.7778943399 
29.972 -31.496 0.0 -220.376617157 93.1579988288 -42.775541111 
29.972 -31.496 0.0 -220.368259968 93.1707252122 -42.7728511263 
29.972 -31.496 0.0 -220.382598387 93.1804730548 -42.7710499801 
29.972 -31.496 0.0 -220.382075902 93.1985711576 -42.7672776031 
29.972 -31.496 0.0 -220.471703858 93.2101593399 -42.767569248 
29.972 -31.496 0.0 -220.398628751 93.2207289403 -42.8611985154 
29.972 -31.496 0.0 -220.400587208 93.2409649798 -42.762642979 
29.972 -31.496 0.0 -220.400248289 93.2703364908 -42.8575597366 
29.972 -31.496 0.0 -220.42391705 93.2046937313 -42.747712785 
29.972 -31.496 0.0 -220.408970124 93.2321476431 -42.750138255 
29.972 -31.496 0.0 -220.413932822 93.2388311947 -42.8453443859 
29.972 -31.496 0.0 -220.453210015 93.2581198282 -42.7399358136 
29.972 -31.496 0.0 -220.451366484 93.2683098485 -42.7416743014 
29.972 -31.496 0.0 -220.478310686 93.2789133017 -42.7351298485 
29.972 -31.496 0.0 -220.480340986 93.180008649 -42.8320722576 
29.972 -31.496 0.0 -220.409638345 93.2815520781 -42.731987284 
29.972 -31.496 0.0 -220.436007695 93.2774981463 -42.7336611357 
29.972 -31.496 0.0 -220.423640648 93.268779929 -42.7326326386 
29.972 -31.496 0.0 -220.425087411 93.2551989995 -42.8378351099 
29.972 -31.496 0.0 -220.413444777 93.239695241 -42.8393894422 
29.972 -31.496 0.0 -220.439619288 93.2243194759 -42.8423743126 
29.972 -31.496 0.0 -220.441068489 93.2107208455 -42.7475545321 
29.972 -31.496 0.0 -220.455074798 93.1979266445 -42.748157193 
29.972 -31.496 0.0 -220.445070895 93.1801205647 -42.753559952 
29.972 -31.496 0.0 -220.433617255 93.2759239888 -42.7537910717 
29.972 -31.496 0.0 -220.435446138 93.265738188 -42.7520321775 
29.972 -31.496 0.0 -220.423075389 93.2570453426 -42.7509600917 
29.972 -31.496 0.0 -220.39631816 93.2577201586 -42.7562028381 
29.972 -31.496 0.0 -220.384873574 93.2535264309 -42.8564112667 
29.972 -31.496 0.0 -220.384873574 93.2535264309 -42.7564112667 
29.972 -31.496 0.0 -220.470677938 93.2550203157 -42.7570809402 
29.972 -31.496 0.0 -220.457199865 93.2497118443 -42.7603253091 
29.972 -31.496 0.0 -220.442099474 93.2467228769 -42.8596692654 
29.972 -31.496 0.0 -220.455380323 93.240736546 -42.7576999961 
29.972 -31.496 0.0 -220.444655649 93.2297436531 -42.7604656161 
29.972 -31.496 0.0 -220.416994252 93.2259443365 -42.864333815 
29.972 -31.496 0.0 -220.41538318 93.2282700775 -42.860430789 
29.972 -31.496 0.0 -220.502810451 93.2274502749 -42.8649706814 
29.972 -31.496 0.0 -220.51538318 93.2282700775 -42.860430789 
29.972 -31.496 0.0 -220.510788645 93.2441328923 -42.8626798252 
29.972 -31.496 0.0 -220.520616844 93.250639999 -42.8585972113 
29.972 -31.496 0.0 -220.520616844 93.250639999 -42.8585972113 
29.972 -31.496 0.0 -220.531343334 93.2616271474 -42.8558342725 
29.972 -31.496 0.0 -220.454222336 93.2699950004 -42.8554559697 
29.972 -31.496 0.0 -220.465665538 93.2741786956 -42.8552591652 
29.972 -31.496 0.0 -220.468406306 93.268490008 -42.8548009124 
29.972 -31.496 0.0 -220.482592543 93.2669865386 -42.8541395239 
29.972 -31.496 0.0 -220.521701539 93.2749759435 -42.7500016634 
29.972 -31.496 0.0 -220.535511531 93.270047381 -42.7562368535 
29.972 -31.496 0.0 -220.550813031 93.2651740442 -42.7512036349 
29.972 -31.496 0.0 -220.538255839 93.2643633276 -42.8557720474 
29.972 -31.496 0.0 -220.477393266 93.2723718196 -42.8515594989 
29.972 -31.496 0.0 -220.521100237 93.2645227989 -42.7450778774 
29.972 -31.496 0.0 -220.548239753 93.253599174 -42.749227503 
29.972 -31.496 0.0 -220.540255049 93.2369216865 -42.7515820433 
29.972 -31.496 0.0 -220.541721706 93.2232879835 -42.8567113593 
29.972 -31.496 0.0 -220.569216598 93.2157983746 -42.8539408958 
29.972 -31.496 0.0 -220.595648482 93.2116756342 -42.8554727616 
29.972 -31.496 0.0 -220.523148231 93.2041846944 -42.7526643358 
29.972 -31.496 0.0 -220.535368582 93.2015425302 -42.7549298785 
29.972 -31.496 0.0 -220.55108772 93.286401964 -42.7592503402 
29.972 -31.496 0.0 -220.479561612 93.2834362479 -42.7576680792 
29.972 -31.496 0.0 -220.484099779 93.2675816931 -42.7554115887 
29.972 -31.496 0.0 -220.471575228 93.2667585981 -42.76002282 
29.972 -31.496 0.0 -220.571575228 93.2667585981 -42.76002282 
29.972 -31.496 0.0 -220.560090969 93.2625760437 -42.8603204943 
29.972 -31.496 0.0 -220.56381453 93.2614373581 -42.7610981974 
29.972 -31.496 0.0 -220.563067893 93.2682677756 -42.7585534206 
29.972 -31.496 0.0 -220.549794801 93.2742713519 -42.760614735 
29.972 -31.496 0.0 -220.537569536 93.2769108067 -42.7583583193 
29.972 -31.496 0.0 -220.536081321 93.2905610235 -42.7532566224 
29.972 -31.496 0.0 -220.520050165 93.302228158 -42.7557948659 
29.972 -31.496 0.0 -220.518564999 93.3158706918 -42.75068046 
29.972 -31.496 0.0 -220.494775744 93.3221952723 -42.7542701058 
29.972 -31.496 0.0 -220.483304276 93.3179983186 -42.7545490535 
29.972 -31.496 0.0 -220.571835225 93.3138012056 -42.754822893 
29.972 -31.496 0.0 -220.571835225 93.3138012056 -42.754822893 
29.972 -31.496 0.0 -220.575337499 93.3013115267 -42.7568956738 
29.972 -31.496 0.0 -220.577882963 93.284305294 -42.757688955 
29.972 -31.496 0.0 -220.57862218 93.2774843309 -42.7602439002 
29.972 -31.496 0.0 -220.593375961 93.2578444533 -42.7633048997 
29.972 -31.496 0.0 -220.497623247 93.3385214116 -42.7679015734 
29.972 -31.496 0.0 -220.588695052 93.3173215078 -42.7689280241 
29.972 -31.496 0.0 -220.586667999 93.3161590278 -42.7719691394 
29.972 -31.496 0.0 -220.599200881 93.3169966567 -42.7673755188 
29.972 -31.496 0.0 -220.595696585 93.3294935557 -42.7653334846 
29.972 -31.496 0.0 -220.598460674 93.3238263687 -42.7648350386 
29.972 -31.496 0.0 -220.585188807 93.3298186579 -42.7668852934 
29.972 -31.496 0.0 -220.596659105 93.3340067638 -42.7666188526 
29.972 -31.496 0.0 -220.594635298 93.3328452257 -42.7696601271 
29.972 -31.496 0.0 -220.607909118 93.326848844 -42.767605791 
29.972 -31.496 0.0 -220.622889747 93.3185351452 -42.7693711061 
29.972 -31.496 0.0 -220.565164671 93.291383624 -42.769514473 
29.972 -31.496 0.0 -220.584937022 93.2455073846 -42.779540553 
29.972 -31.496 0.0 -220.616491625 93.3072914125 -42.7823650788 
29.972 -31.496 0.0 -220.66230964 93.2675724805 -42.7842944082 
29.972 -31.496 0.0 -220.593873698 93.2293195458 -42.786976006 
29.972 -31.496 0.0 -220.60244522 93.2905530565 -42.7958341269 
29.972 -31.496 0.0 -220.631503808 93.2693096876 -42.797772599 
29.972 -31.496 0.0 -220.547053482 93.2426607002 -42.8030125767 
29.972 -31.496 0.0 -220.644373807 93.3033005152 -42.8052937096 
29.972 -31.496 0.0 -220.563726825 93.3755161202 -42.8112277104 
29.972 -31.496 0.0 -220.578517934 93.3557237405 -42.8139336459 
29.972 -31.496 0.0 -220.586324172 93.3159908528 -42.8144911507 
29.972 -31.496 0.0 -220.577876071 93.2842542644 -42.8245404969 
29.972 -31.496 0.0 -220.583937379 93.2546684274 -42.8269197894 
29.972 -31.496 0.0 -220.615811007 93.3277254795 -42.8280700076 
29.972 -31.496 0.0 -220.619088328 93.3037620168 -42.7309842941 
29.972 -31.496 0.0 -220.625152551 93.2741703663 -42.7332913697 
29.972 -31.496 0.0 -220.576106822 93.2595801494 -42.8418307554 
29.972 -31.496 0.0 -220.664598442 93.3554492439 -42.8421212098 
29.972 -31.496 0.0 -220.649538123 93.3638614513 -42.8405886478 
29.972 -31.496 0.0 -220.630933635 93.2848140732 -42.837218325 
29.972 -31.496 0.0 -220.616917913 93.297722242 -42.7370127638 
29.972 -31.496 0.0 -220.591404521 93.3064904777 -42.737067645 
29.972 -31.496 0.0 -220.652365722 93.3098487439 -42.8403604631 
29.972 -31.496 0.0 -220.640122993 93.3126112412 -42.8381879145 
29.972 -31.496 0.0 -220.629656806 93.3129610859 -42.7397937 
29.972 -31.496 0.0 -220.610234068 93.2921380975 -42.8421240751 
29.972 -31.496 0.0 -220.599501173 93.2810972653 -42.8447807608 
29.972 -31.496 0.0 -220.600999086 93.36729382 -42.7496219345 
29.972 -31.496 0.0 -220.606326593 93.344626781 -42.749500693 
29.972 -31.496 0.0 -220.599895275 93.3141298673 -42.7563727927 
29.972 -31.496 0.0 -220.680490184 93.2933083345 -42.8586251084 
29.972 -31.496 0.0 -220.680490184 93.2933083345 -42.8586251084 
29.972 -31.496 0.0 -220.66367533 93.3118339482 -42.8589927295 
29.972 -31.496 0.0 -220.662183777 93.3256441263 -42.7541685995 
29.972 -31.496 0.0 -220.644627097 93.3510666636 -42.7520926446 
29.972 -31.496 0.0 -220.627815799 93.3695868225 -42.7524165091 
29.972 -31.496 0.0 -220.6085135 93.2974241263 -42.7464876941 
29.972 -31.496 0.0 -220.592767066 93.3127098576 -42.842390058 
29.972 -31.496 0.0 -220.676702911 93.3243349665 -42.8451000164 
29.972 -31.496 0.0 -220.685369979 93.3341345855 -42.8454723685 
29.972 -31.496 0.0 -220.601433078 93.3225060512 -42.8427619228 
29.972 -31.496 0.0 -220.613642309 93.3197603024 -42.7449950714 
29.972 -31.496 0.0 -220.624109269 93.3194294862 -42.8434138829 
29.972 -31.496 0.0 -220.641918285 93.3053823908 -42.8444927251 
29.972 -31.496 0.0 -220.65517987 93.2994014577 -42.8423320354 
29.972 -31.496 0.0 -220.666655455 93.3035421714 -42.8421134297 
29.972 -31.496 0.0 -220.66133063 93.3262088902 -42.8421958261 
29.972 -31.496 0.0 -220.6598412 93.3399948349 -42.8373261683 
29.972 -31.496 0.0 -220.668789194 93.3611608682 -42.8365897833 
29.972 -31.496 0.0 -220.673456072 93.4017573457 -42.8315047573 
29.972 -31.496 0.0 -220.665642437 93.3337086088 -42.8252661762 
29.972 -31.496 0.0 -220.67459379 93.3548838077 -42.8244662853 
29.972 -31.496 0.0 -220.675630874 93.3516209292 -42.8201111886 
29.972 -31.496 0.0 -220.602127627 93.3473934162 -42.8215153225 
29.972 -31.496 0.0 -220.631163125 93.3261328635 -42.8234491879 
29.972 -31.496 0.0 -220.656669026 93.3173940999 -42.8234652733 
29.972 -31.496 0.0 -220.689259939 93.2835794354 -42.827208248 
29.972 -31.496 0.0 -220.634364852 93.3506496615 -42.726262161 
29.972 -31.496 0.0 -220.666763517 93.3131352185 -42.7366293219 
29.972 -31.496 0.0 -220.594808701 93.2872995662 -42.7370076768 
29.972 -31.496 0.0 -220.61161854 93.2687504634 -42.7365940542 
29.972 -31.496 0.0 -220.626690562 93.360337794 -42.7380983828 
29.972 -31.496 0.0 -220.61315402 93.3549159823 -42.7413999319 
29.972 -31.496 0.0 -220.611338114 93.3573238301 -42.7376542579 
29.972 -31.496 0.0 -220.594252699 93.364450362 -42.8391324593 
29.972 -31.496 0.0 -220.679192372 93.2728682405 -42.8376095809 
29.972 -31.496 0.0 -220.67842903 93.3797821055 -42.7352023985 
29.972 -31.496 0.0 -220.575645702 93.2854108235 -42.7357855821 
29.972 -31.496 0.0 -220.665936481 93.2788766269 -42.7398359664 
29.972 -31.496 0.0 -220.655189742 93.3678349484 -42.7425321188 
29.972 -31.496 0.0 -220.64520424 93.349876395 -42.8476261313 
29.972 -31.496 0.0 -220.658461697 93.3438698193 -42.8453985528 
29.972 -31.496 0.0 -220.658461697 93.3438698193 -42.7453985528 
29.972 -31.496 0.0 -220.673741369 93.3391529037 -42.7401787305 
29.972 -31.496 0.0 -220.661249387 93.3382408248 -42.74480975 
29.972 -31.496 0.0 -220.661249387 93.3382408248 -42.74480975 
29.972 -31.496 0.0 -220.659223561 93.3369511233 -42.8477993496 
29.972 -31.496 0.0 -220.65742344 93.339369076 -42.8440394005 
29.972 -31.496 0.0 -220.668931928 93.3434906366 -42.8437558057 
29.972 -31.496 0.0 -220.677659758 93.3532401111 -42.7440539896 
29.972 -31.496 0.0 -220.690151962 93.3541465222 -42.8394183862 
29.972 -31.496 0.0 -220.698121414 93.3708110393 -42.8373043545 
29.972 -31.496 0.0 -220.606859715 93.3805572125 -42.8375853529 
29.972 -31.496 0.0 -220.645928654 93.3771482541 -42.7341387773 
29.972 -31.496 0.0 -220.680503631 93.3894999575 -42.7331636308 
29.972 -31.496 0.0 -220.690985869 93.3890933581 -42.7314914938 
29.972 -31.496 0.0 -220.689939985 93.2845713026 -42.8301519964 
29.972 -31.496 0.0 -220.698702418 93.2943037849 -42.8303985888 
29.972 -31.496 0.0 -220.634247541 93.3034148132 -42.8250467729 
29.972 -31.496 0.0 -220.657322832 93.3116349831 -42.7243338013 
29.972 -31.496 0.0 -220.654561834 93.3172519407 -42.7249143402 
29.972 -31.496 0.0 -220.653784916 93.3241765765 -42.7225130719 
29.972 -31.496 0.0 -220.663500034 93.3306749768 -42.7184206065 
29.972 -31.496 0.0 -220.6590331 93.3464450613 -42.7208987208 
29.972 -31.496 0.0 -220.66074343 93.3362916628 -42.8189972299 
29.972 -31.496 0.0 -220.661520189 93.3293678071 -42.8213999303 
29.972 -31.496 0.0 -220.662297157 93.322442412 -42.8238010449 
29.972 -31.496 0.0 -220.675548269 93.3163966252 -42.8215272452 
29.972 -31.496 0.0 -220.703876249 93.3019113126 -42.8206911939 
29.972 -31.496 0.0 -220.622499569 93.2809280503 -42.8239262752 
29.972 -31.496 0.0 -220.650838088 93.3664374412 -42.7230415176 
29.972 -31.496 0.0 -220.652407718 93.3525627456 -42.7278047173 
29.972 -31.496 0.0 -220.650434548 93.3512309174 -42.8307762081 
29.972 -31.496 0.0 -220.663682214 93.3451782858 -42.828465791 
29.972 -31.496 0.0 -220.688485416 93.3432189925 -42.7257561464 
29.972 -31.496 0.0 -220.685731259 93.3488236561 -42.7263486842 
29.972 -31.496 0.0 -220.685731259 93.3488236561 -42.7263486842 
29.972 -31.496 0.0 -220.673387098 93.3516713238 -42.8243677047 
29.972 -31.496 0.0 -220.669730771 93.3604871032 -42.8292547893 
29.972 -31.496 0.0 -220.68129212 93.3645815598 -42.7288564617 
29.972 -31.496 0.0 -220.679440838 93.3669765381 -42.8251508222 
29.972 -31.496 0.0 -220.679440838 93.3669765381 -42.8251508222 
29.972 -31.496 0.0 -220.681127845 93.3568257849 -42.82323426 
29.972 -31.496 0.0 -220.680227204 93.3600347233 -42.8275297351 
29.972 -31.496 0.0 -220.680227204 93.3600347233 -42.8275297351 
29.972 -31.496 0.0 -220.692686905 93.3609167766 -42.8228355328 
29.972 -31.496 0.0 -220.691789581 93.3641267612 -42.8271286148 
29.972 -31.496 0.0 -220.703460316 93.371949177 -42.8200533975 
29.972 -31.496 0.0 -220.610595078 93.3918012459 -42.8221377613 
29.972 -31.496 0.0 -220.618729695 93.3121585961 -42.8132524443 
29.972 -31.496 0.0 -220.617049096 93.3223182985 -42.8151486313 
29.972 -31.496 0.0 -220.627035739 93.3402854429 -42.8099473013 
29.972 -31.496 0.0 -220.636925972 93.3545462862 -42.8114041362 
29.972 -31.496 0.0 -220.662625224 93.3493390707 -42.7043791034 
29.972 -31.496 0.0 -220.666951457 93.3298630312 -42.708576095 
29.972 -31.496 0.0 -220.656966678 93.3118913187 -42.8137806304 
29.972 -31.496 0.0 -220.674540759 93.2863339901 -42.7156244652 
29.972 -31.496 0.0 -220.676924671 93.3654931804 -42.7227479739 
29.972 -31.496 0.0 -220.582927883 93.3358354957 -42.7249814046 
29.972 -31.496 0.0 -220.688932318 93.3061777361 -42.827189104 
29.972 -31.496 0.0 -220.604850368 93.3907504437 -42.7308692672 
29.972 -31.496 0.0 -220.607310442 93.3736402121 -42.8312932121 
29.972 -31.496 0.0 -220.607310442 93.3736402121 -42.7312932121 
29.972 -31.496 0.0 -220.692984178 93.2751555637 -42.8323277932 
29.972 -31.496 0.0 -220.591319131 93.2853056149 -42.7342595354 
29.972 -31.496 0.0 -220.594142579 93.2834771721 -42.7270175319 
29.972 -31.496 0.0 -220.666579514 93.2910586098 -42.8303967406 
29.972 -31.496 0.0 -220.642557369 93.2860863328 -42.8355182714 
29.972 -31.496 0.0 -220.642557369 93.2860863328 -42.8355182714 
29.972 -31.496 0.0 -220.642557369 93.3860863328 -42.7355182714 
29.972 -31.496 0.0 -220.634532403 93.3694482077 -42.8376814419 
29.972 -31.496 0.0 -220.632664402 93.371858626 -42.8339889347 
29.972 -31.496 0.0 -220.636208146 93.3593046915 -42.8357398872 
29.972 -31.496 0.0 -220.639754117 93.3467499787 -42.8374858337 
29.972 -31.496 0.0 -220.644093842 93.3272345452 -42.7415740585 
29.972 -31.496 0.0 -220.624512715 93.306515485 -42.8441046861 
29.972 -31.496 0.0 -220.616502428 93.2898763752 -42.846223719 
29.972 -31.496 0.0 -220.604049049 93.2889660678 -42.8509180559 
29.972 -31.496 0.0 -220.606026253 93.2903295296 -42.7479599578 
29.972 -31.496 0.0 -220.606026253 93.2903295296 -42.7479599578 
29.972 -31.496 0.0 -220.581223903 93.2922937067 -42.7506893307 
29.972 -31.496 0.0 -220.668881156 93.2951667134 -42.7487190792 
29.972 -31.496 0.0 -220.654558668 93.2966824049 -42.7497029247 
29.972 -31.496 0.0 -220.645776561 93.286994527 -42.7494540042 
29.972 -31.496 0.0 -220.6093011 93.3810740043 -42.7591679841 
29.972 -31.496 0.0 -220.612992806 93.3722996673 -42.7542275313 
29.972 -31.496 0.0 -220.613773824 93.3653431986 -42.7565724591 
29.972 -31.496 0.0 -220.628879316 93.3568689685 -42.7579450512 
29.972 -31.496 0.0 -220.631656149 93.3512665165 -42.7573248012 
29.972 -31.496 0.0 -220.6467677 93.342792512 -42.7586851162 
29.972 -31.496 0.0 -220.649546818 93.3371919098 -42.7580612215 
29.972 -31.496 0.0 -220.649546818 93.3371919098 -42.8580612215 
29.972 -31.496 0.0 -220.648640083 93.3403546302 -42.8623825734 
29.972 -31.496 0.0 -220.660194705 93.3444439291 -42.7620184047 
29.972 -31.496 0.0 -220.683419331 93.356418785 -42.7546228526 
29.972 -31.496 0.0 -220.679855167 93.3689787689 -42.7529052246 
29.972 -31.496 0.0 -220.679067451 93.3759382946 -42.7505633437 
29.972 -31.496 0.0 -220.663049232 93.3875796089 -42.8535245966 
29.972 -31.496 0.0 -220.661476308 93.301493091 -42.8488295176 
29.972 -31.496 0.0 -220.668684292 93.3250952896 -42.8443662674 
29.972 -31.496 0.0 -220.668978911 93.3365812166 -42.7433533891 
29.972 -31.496 0.0 -220.680534019 93.3406766529 -42.7429712187 
29.972 -31.496 0.0 -220.694072765 93.3461228808 -42.739615847 
29.972 -31.496 0.0 -220.706421536 93.3432668144 -42.7415794586 
29.972 -31.496 0.0 -220.632316367 93.3458594156 -42.7401661499 
29.972 -31.496 0.0 -220.645856874 93.3513122948 -42.736790072 
29.972 -31.496 0.0 -220.64972434 93.350262814 -42.7374969844 
29.972 -31.496 0.0 -220.659695971 93.3682679175 -42.7323690613 
29.972 -31.496 0.0 -220.658019838 93.3784164471 -42.734296959 
29.972 -31.496 0.0 -220.657222543 93.2853667678 -42.8319358539 
29.972 -31.496 0.0 -220.659198018 93.3867180915 -42.8289616834 
29.972 -31.496 0.0 -220.6735359 93.2852265521 -42.8279265015 
29.972 -31.496 0.0 -220.685102114 93.2893317651 -42.8274990067 
29.972 -31.496 0.0 -220.710711714 93.2804371793 -42.827071446 
29.972 -31.496 0.0 -220.626662386 93.2650393053 -42.8307252545 
29.972 -31.496 0.0 -220.672987209 93.3365056877 -42.7302861804 
29.972 -31.496 0.0 -220.613781618 93.3191389603 -42.7310298061 
29.972 -31.496 0.0 -220.643003147 93.297662124 -42.7321954062 
29.972 -31.496 0.0 -220.660959407 93.3836272201 -42.7327761356 
29.972 -31.496 0.0 -220.652136567 93.3701591174 -42.8392064418 
29.972 -31.496 0.0 -220.668472308 93.3700717149 -42.7351184757 
29.972 -31.496 0.0 -220.667654623 93.2770435429 -42.8327918814 
29.972 -31.496 0.0 -220.65000817 93.3026142838 -42.831179367 
29.972 -31.496 0.0 -220.648683073 93.3243127568 -42.7320511002 
29.972 -31.496 0.0 -220.632996771 93.3512551678 -42.7274223581 
29.972 -31.496 0.0 -220.590556214 93.2824938203 -42.7219838819 
29.972 -31.496 0.0 -220.637644081 93.3104077283 -42.8248244784 
29.972 -31.496 0.0 -220.610410237 93.3331579135 -42.8205214643 
29.972 -31.496 0.0 -220.597475081 93.3507009256 -42.7217659726 
29.972 -31.496 0.0 -220.571056178 93.26647822 -42.719783977 
29.972 -31.496 0.0 -220.539391407 93.2562648616 -42.7260278965 
29.972 -31.496 0.0 -220.516582143 93.2594805998 -42.7257741376 
29.972 -31.496 0.0 -220.511736225 93.2486882877 -42.7262436927 
67.2084 -10.6934 0.0 -181.255132876 110.358079703 -43.803494241 
67.2084 -10.6934 0.0 -181.241202719 110.336198459 -43.8139102578 
67.2084 -10.6934 0.0 -181.244307839 110.39976655 -43.8163223187 
67.2084 -10.6934 0.0 -181.230358081 110.377874399 -43.9266875579 
67.2084 -10.6934 0.0 -181.24246929 110.457266448 -43.8240766352 
67.2084 -10.6934 0.0 -181.240179704 110.438149821 -43.8257940898 
67.2084 -10.6934 0.0 -181.242580323 110.409846444 -43.8311630829 
67.2084 -10.6934 0.0 -181.244109768 110.391633239 -43.8323078607 
67.2084 -10.6934 0.0 -181.23068651 110.372318788 -43.8401790918 
67.2084 -10.6934 0.0 -181.204830561 110.349600635 -43.8517529781 
67.2084 -10.6934 0.0 -181.209062603 110.327072291 -43.8571313679 
67.2084 -10.6934 0.0 -181.194880869 110.4071744 -43.8600714369 
67.2084 -10.6934 0.0 -181.210123496 110.395549617 -43.8599302392 
67.2084 -10.6934 0.0 -181.194425093 110.393871748 -43.8617673242 
67.2084 -10.6934 0.0 -181.168895153 110.395162275 -43.8722707174 
67.2084 -10.6934 0.0 -181.155175048 110.388579945 -43.8734760712 
67.2084 -10.6934 0.0 -181.230207121 110.392471212 -43.881564312 
67.2084 -10.6934 0.0 -181.224977619 110.39911124 -43.8802747869 
67.2084 -10.6934 0.0 -181.223007049 110.404023002 -43.7808779565 
67.2084 -10.6934 0.0 -181.208727731 110.39484509 -43.8844497974 
67.2084 -10.6934 0.0 -181.219185664 110.403154013 -43.7813724695 
67.2084 -10.6934 0.0 -181.215936405 110.404884299 -43.7794704102 
67.2084 -10.6934 0.0 -181.226397215 110.413189419 -43.7763879531 
67.2084 -10.6934 0.0 -181.226282234 110.423882963 -43.7770925502 
67.2084 -10.6934 0.0 -181.235347768 110.439697399 -43.7722024772 
67.2084 -10.6934 0.0 -181.248222999 110.45638633 -43.7668072961 
67.2084 -10.6934 0.0 -181.257730082 110.485496751 -43.8601837888 
67.2084 -10.6934 0.0 -181.191344248 110.420785575 -43.8412262439 
67.2084 -10.6934 0.0 -181.205935872 110.453998994 -43.8364866087 
67.2084 -10.6934 0.0 -181.231765103 110.476698105 -43.8248524404 
67.2084 -10.6934 0.0 -181.241356297 110.495092568 -43.8174675349 
67.2084 -10.6934 0.0 -181.250407149 110.410897158 -43.912475261 
67.2084 -10.6934 0.0 -181.262722064 110.425023943 -43.9093411091 
67.2084 -10.6934 0.0 -181.186684562 110.441908429 -43.7975810488 
67.2084 -10.6934 0.0 -181.173728026 110.435919807 -43.8037521219 
67.2084 -10.6934 0.0 -181.170465013 110.437592226 -43.8018864781 
67.2084 -10.6934 0.0 -181.268094285 110.429188532 -43.8042456854 
67.2084 -10.6934 0.0 -181.267564378 110.426601172 -43.9066453799 
67.2084 -10.6934 0.0 -181.279570886 110.416682359 -43.8046600076 
67.2084 -10.6934 0.0 -181.180461054 110.406590981 -43.9088765493 
67.2084 -10.6934 0.0 -181.206941995 110.384426454 -43.8019069945 
67.2084 -10.6934 0.0 -181.205095478 110.378608857 -43.801856281 
67.2084 -10.6934 0.0 -181.195400088 110.370934357 -43.8098772203 
67.2084 -10.6934 0.0 -181.193552955 110.465118163 -43.8098216104 
67.2084 -10.6934 0.0 -181.19170641 110.459303695 -43.8097632406 
67.2084 -10.6934 0.0 -181.192591146 110.449192756 -43.8139585212 
67.2084 -10.6934 0.0 -181.181665299 110.42758959 -43.8188751307 
67.2084 -10.6934 0.0 -181.27161233 110.395869176 -43.82795514 
67.2084 -10.6934 0.0 -181.185546899 110.381025729 -43.8253414237 
67.2084 -10.6934 0.0 -181.197535379 110.371078492 -43.8233063656 
67.2084 -10.6934 0.0 -181.189858986 110.347771335 -43.8300452189 
67.2084 -10.6934 0.0 -181.191351894 110.429550763 -43.8311549612 
67.2084 -10.6934 0.0 -181.281727457 110.411135289 -43.8384609483 
67.2084 -10.6934 0.0 -181.192218783 110.419404601 -43.8353124964 
67.2084 -10.6934 0.0 -181.290897845 110.416228352 -43.8328492374 
67.2084 -10.6934 0.0 -181.189407738 110.434448131 -43.8317465723 
67.2084 -10.6934 0.0 -181.188001976 110.441967708 -43.8299611463 
67.2084 -10.6934 0.0 -181.184565851 110.465086912 -43.8294331702 
67.2084 -10.6934 0.0 -181.183159006 110.472603922 -43.8276414769 
67.2084 -10.6934 0.0 -181.181752003 110.38011947 -43.8258481426 
67.2084 -10.6934 0.0 -181.182286587 110.482733999 -43.8234687974 
67.2084 -10.6934 0.0 -181.283603895 110.385925475 -43.8259270872 
67.2084 -10.6934 0.0 -181.299390318 110.376886099 -43.8233833609 
67.2084 -10.6934 0.0 -181.213768196 110.37536389 -43.8190396865 
67.2084 -10.6934 0.0 -181.231501508 110.461430521 -43.9158885692 
67.2084 -10.6934 0.0 -181.274106298 110.454254299 -43.8051770366 
67.2084 -10.6934 0.0 -181.299865522 110.450850116 -43.8017674047 
67.2084 -10.6934 0.0 -181.215662131 110.441809948 -43.7991597369 
67.2084 -10.6934 0.0 -181.231527537 110.422060873 -43.8958864271 
67.2084 -10.6934 0.0 -181.2434403 110.422789244 -43.7944586745 
67.2084 -10.6934 0.0 -181.244857914 110.415259287 -43.7962287119 
67.2084 -10.6934 0.0 -181.241499598 110.427674252 -43.895056576 
67.2084 -10.6934 0.0 -181.231001833 110.419418513 -43.8982568502 
67.2084 -10.6934 0.0 -181.320439651 110.421868318 -43.9021111013 
67.2084 -10.6934 0.0 -181.23004231 110.440296271 -43.8947676434 
67.2084 -10.6934 0.0 -181.226681949 110.452708382 -43.8935868867 
67.2084 -10.6934 0.0 -181.212303175 110.454223227 -43.8979767043 
67.2084 -10.6934 0.0 -181.29792404 110.455739747 -43.9023609093 
67.2084 -10.6934 0.0 -181.299339883 110.448214729 -43.9041407218 
67.2084 -10.6934 0.0 -181.300825574 110.429979102 -43.90526016 
67.2084 -10.6934 0.0 -181.30365445 110.414922077 -43.9088076084 
67.2084 -10.6934 0.0 -181.30990455 110.376733565 -43.8128419244 
67.2084 -10.6934 0.0 -181.224816812 110.408809505 -43.8185094533 
67.2084 -10.6934 0.0 -181.233990249 110.334138111 -43.8244948366 
67.2084 -10.6934 0.0 -181.249209427 110.353283222 -43.8363224608 
67.2084 -10.6934 0.0 -181.259683958 110.381688238 -43.8444555234 
67.2084 -10.6934 0.0 -181.281141823 110.431660902 -43.8477629127 
67.2084 -10.6934 0.0 -181.274363292 110.376676765 -43.8567252007 
67.2084 -10.6934 0.0 -181.292997654 110.441767001 -43.8565458041 
67.2084 -10.6934 0.0 -181.275660226 110.399859955 -43.8700770514 
67.2084 -10.6934 0.0 -181.266027346 110.470682061 -43.8763445447 
67.2084 -10.6934 0.0 -181.256389619 110.441505589 -43.8825843783 
67.2084 -10.6934 0.0 -181.257803984 110.423272223 -43.8834095417 
67.2084 -10.6934 0.0 -181.267312591 110.383168603 -43.8886403676 
67.2084 -10.6934 0.0 -181.2754516 110.440015322 -43.8913377677 
67.2084 -10.6934 0.0 -181.303140229 110.420874828 -43.8862675407 
67.2084 -10.6934 0.0 -181.296836445 110.389855209 -43.7941912638 
67.2084 -10.6934 0.0 -181.301600015 110.459156456 -43.7958641951 
67.2084 -10.6934 0.0 -181.293906498 110.435734309 -43.8021246663 
67.2084 -10.6934 0.0 -181.272378005 110.416572655 -43.81048439 
67.2084 -10.6934 0.0 -181.257942351 110.418081639 -43.8149102115 
67.2084 -10.6934 0.0 -181.342726984 110.429954099 -43.8153987069 
67.2084 -10.6934 0.0 -181.330867846 110.439970511 -43.817677852 
67.2084 -10.6934 0.0 -181.320371464 110.452998143 -43.822456977 
67.2084 -10.6934 0.0 -181.319591517 110.46334646 -43.8185097329 
67.2084 -10.6934 0.0 -181.321582944 110.458484171 -43.8178066592 
67.2084 -10.6934 0.0 -181.315873455 110.440813043 -43.9242305807 
67.2084 -10.6934 0.0 -181.335105226 110.40861731 -43.9214420084 
67.2084 -10.6934 0.0 -181.266168525 110.377029491 -43.9172273113 
67.2084 -10.6934 0.0 -181.30338656 110.417721621 -43.9170137831 
67.2084 -10.6934 0.0 -181.259062113 110.447193294 -43.9107230635 
67.2084 -10.6934 0.0 -181.272771977 110.473474307 -43.9192447806 
67.2084 -10.6934 0.0 -181.294142755 110.423185696 -43.9215559728 
67.2084 -10.6934 0.0 -181.323210578 110.406943458 -43.8186913845 
67.2084 -10.6934 0.0 -181.325190242 110.391516582 -43.9169782719 
67.2084 -10.6934 0.0 -181.326575849 110.383867205 -43.9185121934 
67.2084 -10.6934 0.0 -181.332213326 110.401584329 -43.9122603288 
67.2084 -10.6934 0.0 -181.33085714 110.419825 -43.8116721107 
67.2084 -10.6934 0.0 -181.307982431 110.418890201 -43.9193579631 
67.2084 -10.6934 0.0 -181.306571984 110.415941778 -43.9168654378 
67.2084 -10.6934 0.0 -181.315631168 110.43176869 -43.8123361603 
67.2084 -10.6934 0.0 -181.317663017 110.437529655 -43.812526957 
67.2084 -10.6934 0.0 -181.308605242 110.42170032 -43.9170595463 
67.2084 -10.6934 0.0 -181.310615294 110.416865416 -43.9163020967 
67.2084 -10.6934 0.0 -181.324454754 110.412571382 -43.914097472 
67.2084 -10.6934 0.0 -181.342345891 110.4092062 -43.811312923 
67.2084 -10.6934 0.0 -181.354769308 110.401962363 -43.9066098112 
67.2084 -10.6934 0.0 -181.356811177 110.407727594 -43.9067941758 
67.2084 -10.6934 0.0 -181.292779749 110.425433024 -43.8939576008 
67.2084 -10.6934 0.0 -181.304486473 110.44985335 -43.8872728712 
67.2084 -10.6934 0.0 -181.317619284 110.477241306 -43.8830255281 
67.2084 -10.6934 0.0 -181.327879704 110.39869914 -43.8738358283 
67.2084 -10.6934 0.0 -181.338962887 110.420313338 -43.8693884302 
67.2084 -10.6934 0.0 -181.348607327 110.438950994 -43.8624758248 
67.2084 -10.6934 0.0 -181.25205097 110.437104091 -43.8641712983 
67.2084 -10.6934 0.0 -181.265910159 110.43282519 -43.8619124898 
67.2084 -10.6934 0.0 -181.278364305 110.436185589 -43.8580948969 
67.2084 -10.6934 0.0 -181.283782553 110.418893531 -43.8581389855 
67.2084 -10.6934 0.0 -181.301058686 110.402144144 -43.856653133 
67.2084 -10.6934 0.0 -181.316883875 110.382419499 -43.8527154252 
67.2084 -10.6934 0.0 -181.333562069 110.462833502 -43.8534954568 
67.2084 -10.6934 0.0 -181.334918636 110.444567078 -43.8541261656 
67.2084 -10.6934 0.0 -181.345313574 110.44212695 -43.8501565125 
67.2084 -10.6934 0.0 -181.344714215 110.439290332 -43.8524499497 
67.2084 -10.6934 0.0 -181.255763471 110.450296822 -43.8470858628 
67.2084 -10.6934 0.0 -181.254356193 110.457948892 -43.8455552727 
67.2084 -10.6934 0.0 -181.241954303 110.465209975 -43.8502888669 
67.2084 -10.6934 0.0 -181.324680011 110.381973066 -43.8518096581 
67.2084 -10.6934 0.0 -181.321865958 110.397267222 -43.8487296662 
67.2084 -10.6934 0.0 -181.309457754 110.404528608 -43.8534493205 
67.2084 -10.6934 0.0 -181.311462694 110.399706975 -43.8526925742 
67.2084 -10.6934 0.0 -181.313468759 110.394885788 -43.8519345791 
67.2084 -10.6934 0.0 -181.316883875 110.382419499 -43.8527154252 
67.2084 -10.6934 0.0 -181.310707697 110.361910598 -43.8612899139 
67.2084 -10.6934 0.0 -181.307105673 110.428785125 -43.8658750952 
67.2084 -10.6934 0.0 -181.300046797 110.39752018 -43.8687552665 
67.2084 -10.6934 0.0 -181.294446338 110.369211803 -43.8740525188 
67.2084 -10.6934 0.0 -181.275041007 110.355785977 -43.8825486017 
67.2084 -10.6934 0.0 -181.252167658 110.444222916 -43.7893542442 
67.2084 -10.6934 0.0 -181.316885461 110.439877405 -43.8008669965 
67.2084 -10.6934 0.0 -181.278138369 110.337397884 -43.8106572288 
67.2084 -10.6934 0.0 -181.241459021 110.440673545 -43.8205766295 
67.2084 -10.6934 0.0 -181.306810998 110.428504611 -43.8287040241 
67.2084 -10.6934 0.0 -181.269490305 110.428935668 -43.8408633064 
67.2084 -10.6934 0.0 -181.24804404 110.409678355 -43.849036411 
67.2084 -10.6934 0.0 -181.315547068 110.37938183 -43.8624088153 
67.2084 -10.6934 0.0 -181.306546977 110.452927164 -43.8658237247 
67.2084 -10.6934 0.0 -181.285820377 110.42320669 -43.8777433781 
67.2084 -10.6934 0.0 -181.290647463 110.3924977 -43.77893647 
67.2084 -10.6934 0.0 -181.262977615 110.442041545 -43.7943437742 
67.2084 -10.6934 0.0 -181.256740267 110.400286439 -43.8006215128 
67.2084 -10.6934 0.0 -181.244973982 110.365312796 -43.8059405625 
67.2084 -10.6934 0.0 -181.320062265 110.33468928 -43.8182405802 
67.2084 -10.6934 0.0 -181.324876617 110.41452541 -43.8203719952 
67.2084 -10.6934 0.0 -181.315877513 110.398639283 -43.8246518083 
67.2084 -10.6934 0.0 -181.299987099 110.397217097 -43.82653638 
67.2084 -10.6934 0.0 -181.273027145 110.405827914 -43.8357035449 
67.2084 -10.6934 0.0 -181.25921739 110.410104819 -43.8378378269 
67.2084 -10.6934 0.0 -181.232968808 110.410992467 -43.8435683653 
67.2084 -10.6934 0.0 -181.328161389 110.431153156 -43.8414232987 
67.2084 -10.6934 0.0 -181.301190529 110.439765593 -43.8505415318 
67.2084 -10.6934 0.0 -181.29847813 110.44453572 -43.8464572592 
67.2084 -10.6934 0.0 -181.283963027 110.445997508 -43.8508652382 
67.2084 -10.6934 0.0 -181.272867186 110.445494848 -43.857048064 
67.2084 -10.6934 0.0 -181.281887015 110.450847623 -43.8516838628 
67.2084 -10.6934 0.0 -181.283249143 110.443193527 -43.8531771594 
67.2084 -10.6934 0.0 -181.278468581 110.452812748 -43.8499037888 
67.2084 -10.6934 0.0 -181.279812141 110.455698214 -43.8525012385 
67.2084 -10.6934 0.0 -181.29296365 110.461886823 -43.8466004602 
67.2084 -10.6934 0.0 -181.290889943 110.366736756 -43.8474165619 
67.2084 -10.6934 0.0 -181.29296365 110.361886823 -43.8466004602 
67.2084 -10.6934 0.0 -181.29296365 110.361886823 -43.8466004602 
67.2084 -10.6934 0.0 -181.291600254 110.369538673 -43.8451040193 
67.2084 -10.6934 0.0 -181.293674873 110.364688958 -43.8442876658 
67.2084 -10.6934 0.0 -181.270834634 110.37414176 -43.8528406044 
67.2084 -10.6934 0.0 -181.248728964 110.375839506 -43.8579669467 
67.2084 -10.6934 0.0 -181.233565103 110.38773623 -43.858534891 
67.2084 -10.6934 0.0 -181.207297827 110.399126418 -43.8652639328 
67.2084 -10.6934 0.0 -181.198996539 110.396550271 -43.8682956525 
67.2084 -10.6934 0.0 -181.272765918 110.397384385 -43.873900262 
67.2084 -10.6934 0.0 -181.273492928 110.400162473 -43.8715710974 
67.2084 -10.6934 0.0 -181.250675543 110.399026945 -43.8789558165 
67.2084 -10.6934 0.0 -181.214065685 110.402107794 -43.8883467504 
67.2084 -10.6934 0.0 -181.280175943 110.389901715 -43.9007401842 
67.2084 -10.6934 0.0 -181.294146318 110.388310845 -43.7914250596 
67.2084 -10.6934 0.0 -181.242277294 110.390046631 -43.8074193026 
67.2084 -10.6934 0.0 -181.220886773 110.370703225 -43.8151176082 
67.2084 -10.6934 0.0 -181.299499714 110.451355751 -43.8227910075 
67.2084 -10.6934 0.0 -181.28977986 110.432668313 -43.8293038735 
67.2084 -10.6934 0.0 -181.292623568 110.396350739 -43.8300148331 
67.2084 -10.6934 0.0 -181.282966753 110.367141799 -43.8353286502 
67.2084 -10.6934 0.0 -181.278815687 110.431062051 -43.8416112384 
67.2084 -10.6934 0.0 -181.27254816 110.399844981 -43.8487026781 
67.2084 -10.6934 0.0 -181.2697205 110.39143504 -43.8506876856 
67.2084 -10.6934 0.0 -181.298668055 110.464809747 -43.8470200806 
67.2084 -10.6934 0.0 -181.302755321 110.431351098 -43.8502445001 
67.2084 -10.6934 0.0 -181.31503044 110.411019451 -43.8516843907 
67.2084 -10.6934 0.0 -181.32467221 110.395495154 -43.8489636059 
67.2084 -10.6934 0.0 -181.341897086 110.37870889 -43.8475619761 
67.2084 -10.6934 0.0 -181.342505567 110.457748457 -43.8501100856 
67.2084 -10.6934 0.0 -181.369317071 110.435899443 -43.847150447 
67.2084 -10.6934 0.0 -181.308593767 110.406924643 -43.8394408637 
67.2084 -10.6934 0.0 -181.331978307 110.387067867 -43.8345987544 
67.2084 -10.6934 0.0 -181.262975428 110.465937269 -43.8310273439 
67.2084 -10.6934 0.0 -181.276001088 110.448308521 -43.830003886 
67.2084 -10.6934 0.0 -181.298033322 110.436091643 -43.8236718779 
67.2084 -10.6934 0.0 -181.299945438 110.407388553 -43.827541107 
67.2084 -10.6934 0.0 -181.310867269 110.405047521 -43.8285904063 
67.2084 -10.6934 0.0 -181.332319503 110.403350635 -43.8185336617 
67.2084 -10.6934 0.0 -181.368137412 110.397225803 -43.8112680023 
67.2084 -10.6934 0.0 -181.280400967 110.376670309 -43.8124333605 
67.2084 -10.6934 0.0 -181.293389568 110.448500534 -43.8100651198 
67.2084 -10.6934 0.0 -181.303533588 110.422276521 -43.810803479 
67.2084 -10.6934 0.0 -181.312922416 110.393147916 -43.8137615511 
67.2084 -10.6934 0.0 -181.353976117 110.435090309 -43.8093026412 
67.2084 -10.6934 0.0 -181.36461034 110.387704996 -43.8122150793 
67.2084 -10.6934 0.0 -181.274471555 110.437367634 -43.8172682906 
67.2084 -10.6934 0.0 -181.295642227 110.411616379 -43.8115873391 
67.2084 -10.6934 0.0 -181.293332371 110.392393575 -43.8169183574 
67.2084 -10.6934 0.0 -181.27873227 110.483490685 -43.8200214725 
67.2084 -10.6934 0.0 -181.263386305 110.471662763 -43.8253217331 
67.2084 -10.6934 0.0 -181.343932144 110.369469011 -43.8323686165 
67.2084 -10.6934 0.0 -181.341806791 110.363862652 -43.8319153052 
67.2084 -10.6934 0.0 -181.348798862 110.374088759 -43.8274928239 
67.2084 -10.6934 0.0 -181.264697024 110.475224096 -43.8257480631 
67.2084 -10.6934 0.0 -181.25922105 110.382173199 -43.8248459748 
67.2084 -10.6934 0.0 -181.348798862 110.374088759 -43.8274928239 
67.2084 -10.6934 0.0 -181.346825531 110.389323708 -43.8296972496 
67.2084 -10.6934 0.0 -181.35668821 110.408084357 -43.8235065742 
67.2084 -10.6934 0.0 -181.267853112 110.419099854 -43.8186414412 
67.2084 -10.6934 0.0 -181.269973414 110.424714353 -43.8190838763 
67.2084 -10.6934 0.0 -181.272019663 110.419900762 -43.8182118061 
67.2084 -10.6934 0.0 -181.283181691 110.430918461 -43.81333805 
67.2084 -10.6934 0.0 -181.281136595 110.4357314 -43.8142088625 
67.2084 -10.6934 0.0 -181.297039304 110.436884305 -43.8124376888 
67.2084 -10.6934 0.0 -181.308121932 110.437469615 -43.8062486022 
67.2084 -10.6934 0.0 -181.335106355 110.439210433 -43.7982683307 
67.2084 -10.6934 0.0 -181.337233018 110.444836924 -43.7986929473 
67.2084 -10.6934 0.0 -181.339277721 110.440028319 -43.7978203674 
67.2084 -10.6934 0.0 -181.355107642 110.430755642 -43.8947156724 
67.2084 -10.6934 0.0 -181.366263407 110.441777875 -43.8898136891 
67.2084 -10.6934 0.0 -181.280866215 110.450690224 -43.7866529564 
67.2084 -10.6934 0.0 -181.296109039 110.452105415 -43.7799884577 
67.2084 -10.6934 0.0 -181.289228653 110.452353459 -43.7857190924 
67.2084 -10.6934 0.0 -181.288636789 110.463033334 -43.7821709609 
67.2084 -10.6934 0.0 -181.278302073 110.465382924 -43.8861560834 
67.2084 -10.6934 0.0 -181.364512046 110.469832174 -43.888395183 
67.2084 -10.6934 0.0 -181.365322768 110.483208874 -43.8874567421 
67.2084 -10.6934 0.0 -181.352340288 110.501026376 -43.8887432621 
67.2084 -10.6934 0.0 -181.347640317 110.421305583 -43.8869166944 
67.2084 -10.6934 0.0 -181.322186246 110.435810303 -43.8917481955 
67.2084 -10.6934 0.0 -181.320928686 110.453994263 -43.8916551023 
67.2084 -10.6934 0.0 -181.319604182 110.461722775 -43.7902937575 
67.2084 -10.6934 0.0 -181.305815235 110.466146555 -43.7924977639 
67.2084 -10.6934 0.0 -181.287858625 110.469748744 -43.895160904 
67.2084 -10.6934 0.0 -181.276775433 110.469176064 -43.9013485912 
67.2084 -10.6934 0.0 -181.276775433 110.469176064 -43.8013485912 
67.2084 -10.6934 0.0 -181.276775433 110.369176064 -43.8013485912 
67.2084 -10.6934 0.0 -181.364310571 110.465873215 -43.904901328 
67.2084 -10.6934 0.0 -181.366367218 110.46105321 -43.8040358998 
67.2084 -10.6934 0.0 -181.276717037 110.458722254 -43.8000809365 
67.2084 -10.6934 0.0 -181.281414619 110.438451264 -43.8019387734 
67.2084 -10.6934 0.0 -181.293081182 110.428390092 -43.7993377573 
67.2084 -10.6934 0.0 -181.295720861 110.412929285 -43.9020488608 
67.2084 -10.6934 0.0 -181.336424112 110.399826755 -43.7905653551 
67.2084 -10.6934 0.0 -181.35285446 110.379914937 -43.7910322882 
67.2084 -10.6934 0.0 -181.358872651 110.451888004 -43.7941739881 
67.2084 -10.6934 0.0 -181.273316368 110.439932038 -43.7884312822 
67.2084 -10.6934 0.0 -181.285050612 110.440287725 -43.7870682582 
67.2084 -10.6934 0.0 -181.296197988 110.451321539 -43.7821517597 
67.2084 -10.6934 0.0 -181.283729187 110.448029948 -43.8857347181 
67.2084 -10.6934 0.0 -181.295606062 110.461998494 -43.8786010706 
67.2084 -10.6934 0.0 -181.281167296 110.373956319 -43.8843408533 
67.2084 -10.6934 0.0 -181.378520877 110.389432948 -43.881657759 
67.2084 -10.6934 0.0 -181.278600357 110.399882839 -43.8829289325 
67.2084 -10.6934 0.0 -181.275951055 110.415355384 -43.880235001 
67.2084 -10.6934 0.0 -181.28841857 110.418651895 -43.8766475909 
67.2084 -10.6934 0.0 -181.287092744 110.426386721 -43.7752982812 
67.2084 -10.6934 0.0 -181.290549769 110.424298898 -43.7770363031 
67.2084 -10.6934 0.0 -181.292602927 110.419491158 -43.7761627655 
67.2084 -10.6934 0.0 -181.30704349 110.407530062 -43.7704327795 
67.2084 -10.6934 0.0 -181.308370609 110.399794369 -43.771777154 
67.2084 -10.6934 0.0 -181.311024167 110.484319215 -43.8744607337 
67.2084 -10.6934 0.0 -181.328201294 110.467332638 -43.772658412 
67.2084 -10.6934 0.0 -181.355703812 110.4479887 -43.7668452412 
67.2084 -10.6934 0.0 -181.357031072 110.440243668 -43.7681738665 
67.2084 -10.6934 0.0 -181.356936611 110.429797529 -43.8668987988 
67.2084 -10.6934 0.0 -181.35620857 110.426849772 -43.8691102146 
67.2084 -10.6934 0.0 -181.35620857 110.426849772 -43.8691102146 
67.2084 -10.6934 0.0 -181.366626968 110.434938425 -43.8663875623 
67.2084 -10.6934 0.0 -181.366626968 110.434938425 -43.8663875623 
67.2084 -10.6934 0.0 -181.36795315 110.427190374 -43.8677125082 
67.2084 -10.6934 0.0 -181.378999102 110.427781804 -43.861502067 
67.2084 -10.6934 0.0 -181.380325121 110.420033795 -43.7628248048 
67.2084 -10.6934 0.0 -181.382376544 110.415238227 -43.8619382381 
67.2084 -10.6934 0.0 -181.37133157 110.414644025 -43.868148778 
67.2084 -10.6934 0.0 -181.381050298 110.422985956 -43.86061649 
67.2084 -10.6934 0.0 -181.379098685 110.438228135 -43.8627747133 
67.2084 -10.6934 0.0 -181.392292619 110.444469083 -43.856947295 
67.2084 -10.6934 0.0 -181.394343671 110.43967354 -43.8560626275 
67.2084 -10.6934 0.0 -181.394443703 110.45012309 -43.8573288483 
67.2084 -10.6934 0.0 -181.394443703 110.45012309 -43.8573288483 
67.2084 -10.6934 0.0 -181.393113948 110.457869432 -43.8560009466 
67.2084 -10.6934 0.0 -181.396495769 110.445327203 -43.8564438254 
67.2084 -10.6934 0.0 -181.395165787 110.453073265 -43.8551169137 
67.2084 -10.6934 0.0 -181.409687669 110.451572211 -43.850607532 
67.2084 -10.6934 0.0 -181.400702792 110.44618722 -43.8559356595 
67.2084 -10.6934 0.0 -181.400702792 110.44618722 -43.8559356595 
67.2084 -10.6934 0.0 -181.390288767 110.438094387 -43.8586696051 
67.2084 -10.6934 0.0 -181.399371361 110.453933196 -43.8546087613 
67.2084 -10.6934 0.0 -181.399371361 110.453933196 -43.8546087613 
67.2084 -10.6934 0.0 -181.385571065 110.458380393 -43.8569017316 
67.2084 -10.6934 0.0 -181.383516374 110.463177621 -43.8577866442 
67.2084 -10.6934 0.0 -181.368992677 110.464679262 -43.8622875151 
67.2084 -10.6934 0.0 -181.351086957 110.478726678 -43.8663294629 
67.2084 -10.6934 0.0 -181.349667826 110.476016565 -43.8637296687 
67.2084 -10.6934 0.0 -181.324092809 110.476938505 -43.8744197875 
67.2084 -10.6934 0.0 -181.302730043 110.493088254 -43.876700367 
67.2084 -10.6934 0.0 -181.288209898 110.49460224 -43.7811653381 
67.2084 -10.6934 0.0 -181.366644801 110.475470097 -43.8887986571 
67.2084 -10.6934 0.0 -181.364512046 110.469832174 -43.788395183 
67.2084 -10.6934 0.0 -181.358279742 110.473812015 -43.789738479 
67.2084 -10.6934 0.0 -181.356150496 110.468177585 -43.7893287967 
67.2084 -10.6934 0.0 -181.33179664 110.450936393 -43.800013202 
67.2084 -10.6934 0.0 -181.302681541 110.443554675 -43.8075750802 
67.2084 -10.6934 0.0 -181.280564412 110.446398676 -43.8106603902 
67.2084 -10.6934 0.0 -181.337519179 110.429926116 -43.8260985977 
67.2084 -10.6934 0.0 -181.308355463 110.412172839 -43.8322206973 
67.2084 -10.6934 0.0 -181.367349525 110.390932102 -43.8466631454 
67.2084 -10.6934 0.0 -181.347877519 110.478389236 -43.8522627871 
67.2084 -10.6934 0.0 -181.291599111 110.455846995 -43.7731194537 
67.2084 -10.6934 0.0 -181.332114328 110.438700334 -43.8849056923 
67.2084 -10.6934 0.0 -181.286559351 110.448286193 -43.7986239737 
67.2084 -10.6934 0.0 -181.325992142 110.470131903 -43.8129949676 
67.2084 -10.6934 0.0 -181.260342873 110.512533153 -43.8204229191 
67.2084 -10.6934 0.0 -181.309277427 110.474088739 -43.8262224411 
67.2084 -10.6934 0.0 -181.356955171 110.453732813 -43.8318250104 
67.2084 -10.6934 0.0 -181.307920532 110.410362362 -43.8364423872 
67.2084 -10.6934 0.0 -181.266034472 110.387648984 -43.8377522705 
64.6684 -40.5384 0.0 -186.338125072 81.0762619338 -44.2252127543 
64.6684 -40.5384 0.0 -186.258586471 81.0843179811 -44.222230126 
64.6684 -40.5384 0.0 -186.331503547 81.0776130423 -44.2234850301 
64.6684 -40.5384 0.0 -186.317178735 81.0675005676 -44.2259276174 
64.6684 -40.5384 0.0 -186.316880999 81.0437075766 -44.2278366727 
64.6684 -40.5384 0.0 -186.317878805 81.0088316548 -44.2382256189 
64.6684 -40.5384 0.0 -186.309688093 80.9616531261 -44.2451561474 
64.6684 -40.5384 0.0 -186.285030678 81.0217545333 -44.2539053617 
64.6684 -40.5384 0.0 -186.281007707 81.0017726243 -44.1587691167 
64.6684 -40.5384 0.0 -186.267384396 80.9726688374 -44.1641608787 
64.6684 -40.5384 0.0 -186.342030784 81.0518267998 -44.1696537287 
64.6684 -40.5384 0.0 -186.324603076 81.0543762947 -44.170131804 
64.6684 -40.5384 0.0 -186.319659558 81.0693599428 -44.1647397899 
64.6684 -40.5384 0.0 -186.288258996 80.9856424373 -44.1657522322 
64.6684 -40.5384 0.0 -186.359278159 81.0083273617 -44.1654624585 
64.6684 -40.5384 0.0 -186.319266543 81.020242578 -44.1683254397 
64.6684 -40.5384 0.0 -186.292434993 81.0255658875 -44.1683895814 
64.6684 -40.5384 0.0 -186.265130906 81.033995492 -44.1724923121 
64.6684 -40.5384 0.0 -186.342234742 81.0195955217 -44.2765842372 
64.6684 -40.5384 0.0 -186.34842995 80.9943825016 -44.1802241422 
64.6684 -40.5384 0.0 -186.33739609 81.0836208298 -44.2833773392 
64.6684 -40.5384 0.0 -186.341946805 80.9726460983 -44.1825270264 
64.6684 -40.5384 0.0 -186.345051133 81.0600378806 -44.1843321055 
64.6684 -40.5384 0.0 -186.338091919 81.0413899591 -44.1906878362 
64.6684 -40.5384 0.0 -186.34169155 81.025690545 -44.1884037928 
64.6684 -40.5384 0.0 -186.317487859 81.021489192 -44.1942921443 
64.6684 -40.5384 0.0 -186.315837249 81.0357354703 -44.1898371603 
64.6684 -40.5384 0.0 -186.287699472 81.0512630981 -44.1916814653 
64.6684 -40.5384 0.0 -186.242970675 81.0899737768 -44.1880825901 
64.6684 -40.5384 0.0 -186.289918515 81.0711759422 -44.180256218 
64.6684 -40.5384 0.0 -186.326809469 81.046281562 -44.1767235304 
64.6684 -40.5384 0.0 -186.265091257 81.0111012267 -44.1711411685 
64.6684 -40.5384 0.0 -186.317419006 81.0622309989 -44.1650367234 
64.6684 -40.5384 0.0 -186.286933075 80.9988917332 -44.1595627744 
64.6684 -40.5384 0.0 -186.350992066 81.0027915322 -44.1652023852 
64.6684 -40.5384 0.0 -186.313301945 80.9972678619 -44.267977385 
64.6684 -40.5384 0.0 -186.314891925 80.9831489367 -44.1726324551 
64.6684 -40.5384 0.0 -186.331081826 81.0522488662 -44.1728871508 
64.6684 -40.5384 0.0 -186.337136133 81.0153022593 -44.1776470902 
64.6684 -40.5384 0.0 -186.33158241 81.0707456137 -44.2895836702 
64.6684 -40.5384 0.0 -186.346374275 81.0500458436 -44.1915624575 
64.6684 -40.5384 0.0 -186.274459839 81.0345659269 -44.1900458038 
64.6684 -40.5384 0.0 -186.287656087 81.0280182058 -44.1874130441 
64.6684 -40.5384 0.0 -186.285379049 81.0335361691 -44.1878042211 
64.6684 -40.5384 0.0 -186.297193348 81.0372003867 -44.1870011295 
64.6684 -40.5384 0.0 -186.296394127 81.0442822195 -44.1847107753 
64.6684 -40.5384 0.0 -186.293320789 81.0568803997 -44.1828065289 
64.6684 -40.5384 0.0 -186.292522093 81.0639593326 -44.1805119445 
64.6684 -40.5384 0.0 -186.280124144 81.0634321136 -44.1854357399 
64.6684 -40.5384 0.0 -186.280922446 81.0563522151 -44.1877309603 
64.6684 -40.5384 0.0 -186.296394127 81.0442822195 -44.1847107753 
64.6684 -40.5384 0.0 -186.299469619 81.0316831141 -44.186610045 
64.6684 -40.5384 0.0 -186.328358294 81.0091113225 -44.1873346236 
64.6684 -40.5384 0.0 -186.358056717 80.9794385584 -44.1902977193 
64.6684 -40.5384 0.0 -186.285239284 81.0592375007 -44.1872357507 
64.6684 -40.5384 0.0 -186.302566982 81.0289919641 -44.195056616 
64.6684 -40.5384 0.0 -186.34250261 81.017128244 -44.1925387911 
64.6684 -40.5384 0.0 -186.34157706 81.0124230357 -44.1910988579 
64.6684 -40.5384 0.0 -186.343195303 80.9982116479 -44.1956039286 
64.6684 -40.5384 0.0 -186.368213675 80.9952952935 -44.1920556354 
64.6684 -40.5384 0.0 -186.267678673 80.9983942836 -44.196159561 
64.6684 -40.5384 0.0 -186.266749094 80.9936866415 -44.1947181645 
64.6684 -40.5384 0.0 -186.265285496 80.9920768483 -44.1973797395 
64.6684 -40.5384 0.0 -186.365821028 80.9889807005 -44.1932741375 
64.6684 -40.5384 0.0 -186.363548499 80.9944810881 -44.1936870819 
64.6684 -40.5384 0.0 -186.348632692 81.0034511255 -44.1926942056 
64.6684 -40.5384 0.0 -186.34809258 81.0065497454 -44.1968018697 
64.6684 -40.5384 0.0 -186.350364428 81.0010473036 -44.1963911178 
64.6684 -40.5384 0.0 -186.350364428 81.0010473036 -44.1963911178 
64.6684 -40.5384 0.0 -186.2753865 80.9981207719 -44.1928368434 
64.6684 -40.5384 0.0 -186.28722658 81.0017602128 -44.1919814676 
64.6684 -40.5384 0.0 -186.30267822 80.9896927122 -44.188855237 
64.6684 -40.5384 0.0 -186.31533295 80.9862178254 -44.1902358422 
64.6684 -40.5384 0.0 -186.342925588 80.9737642092 -44.1925589021 
64.6684 -40.5384 0.0 -186.360647317 81.0562054307 -44.188985529 
64.6684 -40.5384 0.0 -186.361772689 81.0450516927 -44.1975433849 
64.6684 -40.5384 0.0 -186.37495091 81.038477636 -44.1948000318 
64.6684 -40.5384 0.0 -186.285855118 81.0373929389 -44.1924783629 
64.6684 -40.5384 0.0 -186.28717761 81.027187449 -44.1906156502 
64.6684 -40.5384 0.0 -186.299848751 81.023691656 -44.1919543271 
64.6684 -40.5384 0.0 -186.285725397 81.0255521657 -44.1932663335 
64.6684 -40.5384 0.0 -186.271604007 81.0274142832 -44.1945720474 
64.6684 -40.5384 0.0 -186.361080175 81.0135857094 -44.193577181 
64.6684 -40.5384 0.0 -186.347264362 81.0114013388 -44.201194339 
64.6684 -40.5384 0.0 -186.359625834 81.0119517257 -44.1962255456 
64.6684 -40.5384 0.0 -186.26125575 80.9976984229 -44.2006693706 
64.6684 -40.5384 0.0 -186.353305359 80.9743262249 -44.2055465115 
64.6684 -40.5384 0.0 -186.353173481 81.0624901528 -44.2063026894 
64.6684 -40.5384 0.0 -186.354801104 81.0482241517 -44.2107258737 
64.6684 -40.5384 0.0 -186.370247414 81.0361607581 -44.2075310841 
64.6684 -40.5384 0.0 -186.360024848 81.0182717979 -44.2128052793 
64.6684 -40.5384 0.0 -186.373197711 81.0116987485 -44.2100384416 
64.6684 -40.5384 0.0 -186.273197711 81.0116987485 -44.2100384416 
64.6684 -40.5384 0.0 -186.362161122 81.0009463874 -44.2131004322 
64.6684 -40.5384 0.0 -186.35907507 81.0135716898 -44.2113369511 
64.6684 -40.5384 0.0 -186.358262183 81.0207078595 -44.2091338621 
64.6684 -40.5384 0.0 -186.345901256 81.0201445549 -44.2141003084 
64.6684 -40.5384 0.0 -186.342817026 81.0327701587 -44.2123287552 
64.6684 -40.5384 0.0 -186.345088843 81.0272802626 -44.2118949735 
64.6684 -40.5384 0.0 -186.345088843 81.0272802626 -44.2118949735 
64.6684 -40.5384 0.0 -186.345088843 81.0272802626 -44.2118949735 
64.6684 -40.5384 0.0 -186.359211087 81.0254081218 -44.2106009823 
64.6684 -40.5384 0.0 -186.349938296 81.012217519 -44.2173361836 
64.6684 -40.5384 0.0 -186.349938296 81.012217519 -44.2173361836 
64.6684 -40.5384 0.0 -186.364881961 81.003207809 -44.2182372852 
64.6684 -40.5384 0.0 -186.379517449 80.9982887348 -44.2128249526 
64.6684 -40.5384 0.0 -186.378056408 80.9966355249 -44.2154649295 
64.6684 -40.5384 0.0 -186.289911166 81.0002517072 -44.2145958787 
64.6684 -40.5384 0.0 -186.289094513 81.0073921474 -44.2123969212 
64.6684 -40.5384 0.0 -186.299175552 81.0134424839 -44.2078619153 
64.6684 -40.5384 0.0 -186.300132661 81.0181484656 -44.2093222074 
64.6684 -40.5384 0.0 -186.312485442 81.0187119504 -44.2043458321 
64.6684 -40.5384 0.0 -186.311989427 81.0217655541 -44.2084429426 
64.6684 -40.5384 0.0 -186.315577461 81.00608965 -44.2061051452 
64.6684 -40.5384 0.0 -186.328252699 81.0025648888 -44.2074206048 
64.6684 -40.5384 0.0 -186.342240599 80.9888461301 -44.2068285532 
64.6684 -40.5384 0.0 -186.346155953 81.0690759615 -44.2107637019 
64.6684 -40.5384 0.0 -186.346976523 81.0619290609 -44.2129511886 
64.6684 -40.5384 0.0 -186.347797189 81.0547807214 -44.2151370415 
64.6684 -40.5384 0.0 -186.360964268 81.0482037138 -44.2123362511 
64.6684 -40.5384 0.0 -186.361785492 81.041053485 -44.2145182235 
64.6684 -40.5384 0.0 -186.37495065 81.0344757867 -44.2117119079 
64.6684 -40.5384 0.0 -186.37577243 81.0273236724 -44.2138899993 
64.6684 -40.5384 0.0 -186.374319348 81.0256470524 -44.2165198905 
64.6684 -40.5384 0.0 -186.301152459 81.0202233709 -44.2164459022 
64.6684 -40.5384 0.0 -186.316590561 81.0081671389 -44.2131678721 
64.6684 -40.5384 0.0 -186.328460743 81.0117698238 -44.2122599327 
64.6684 -40.5384 0.0 -186.338060154 81.0208442428 -44.2118030843 
64.6684 -40.5384 0.0 -186.338060154 81.0208442428 -44.2118030843 
64.6684 -40.5384 0.0 -186.351379246 81.0261332812 -44.2082572455 
64.6684 -40.5384 0.0 -186.360983511 81.0352065897 -44.2077889522 
64.6684 -40.5384 0.0 -186.384361146 81.046533745 -44.1996795427 
64.6684 -40.5384 0.0 -186.372031849 81.0459671129 -44.2046864367 
64.6684 -40.5384 0.0 -186.372031849 81.0459671129 -44.2046864367 
64.6684 -40.5384 0.0 -186.393972251 81.0556030316 -44.1991955956 
64.6684 -40.5384 0.0 -186.30895085 81.0465765119 -44.1999751457 
64.6684 -40.5384 0.0 -186.312050995 81.0339490301 -44.2016912026 
64.6684 -40.5384 0.0 -186.323934121 81.0375489833 -44.2007446807 
64.6684 -40.5384 0.0 -186.336654013 81.033985392 -44.2019619192 
64.6684 -40.5384 0.0 -186.339921365 81.0332523193 -44.2029421746 
64.6684 -40.5384 0.0 -186.343628132 81.029486119 -44.1998547961 
64.6684 -40.5384 0.0 -186.343628132 81.029486119 -44.1998547961 
64.6684 -40.5384 0.0 -186.344630908 81.0342189813 -44.2012881077 
64.6684 -40.5384 0.0 -186.335020872 81.0251473436 -44.2017826367 
64.6684 -40.5384 0.0 -186.337298011 81.0196825284 -44.2013196275 
64.6684 -40.5384 0.0 -186.337298011 81.0196825284 -44.2013196275 
64.6684 -40.5384 0.0 -186.323137923 81.0215400373 -44.2027335922 
64.6684 -40.5384 0.0 -186.323137923 81.0215400373 -44.2027335922 
64.6684 -40.5384 0.0 -186.313093694 81.0154984382 -44.2072855089 
64.6684 -40.5384 0.0 -186.313093694 81.0154984382 -44.2072855089 
64.6684 -40.5384 0.0 -186.310422579 81.0250923301 -44.2015103715 
64.6684 -40.5384 0.0 -186.301212266 81.011889082 -44.2082286342 
64.6684 -40.5384 0.0 -186.292448491 80.9956500593 -44.2108678258 
64.6684 -40.5384 0.0 -186.293282237 80.9884872046 -44.2130322219 
64.6684 -40.5384 0.0 -186.30872399 80.9764399607 -44.2097144796 
64.6684 -40.5384 0.0 -186.32455948 81.0602512787 -44.2126190052 
64.6684 -40.5384 0.0 -186.342286315 81.0427459102 -44.2088080272 
64.6684 -40.5384 0.0 -186.355843995 81.0320129476 -44.2121600853 
64.6684 -40.5384 0.0 -186.358970328 81.0193805572 -44.2138276459 
64.6684 -40.5384 0.0 -186.373984685 81.0103524208 -44.2145370455 
64.6684 -40.5384 0.0 -186.389611587 81.010215983 -44.210468504 
64.6684 -40.5384 0.0 -186.37646038 81.0167940242 -44.2133488502 
64.6684 -40.5384 0.0 -186.37561926 81.0239665305 -44.2112031196 
64.6684 -40.5384 0.0 -186.374352841 81.0341548635 -44.2131200533 
64.6684 -40.5384 0.0 -186.301871693 81.0376322053 -44.2080754898 
64.6684 -40.5384 0.0 -186.31188632 81.0436811419 -44.2035288873 
64.6684 -40.5384 0.0 -186.315209173 81.0429593581 -44.2044705061 
64.6684 -40.5384 0.0 -186.301212729 81.0567077409 -44.2051986305 
64.6684 -40.5384 0.0 -186.302243612 81.0614443059 -44.2066190054 
64.6684 -40.5384 0.0 -186.301397777 81.0686128285 -44.2044642176 
64.6684 -40.5384 0.0 -186.316429739 81.0596045946 -44.2051585217 
64.6684 -40.5384 0.0 -186.328733465 81.0601958938 -44.2001255607 
64.6684 -40.5384 0.0 -186.317691144 81.0494091987 -44.2032574209 
64.6684 -40.5384 0.0 -186.327286701 81.0584826576 -44.202760508 
64.6684 -40.5384 0.0 -186.329581081 81.0530263443 -44.2022770489 
64.6684 -40.5384 0.0 -186.343768033 81.0511881186 -44.2008068365 
64.6684 -40.5384 0.0 -186.346507495 81.0415852344 -44.2065170506 
64.6684 -40.5384 0.0 -186.358807204 81.0421793829 -44.2014780872 
64.6684 -40.5384 0.0 -186.37385097 81.033169691 -44.2021393113 
64.6684 -40.5384 0.0 -186.400799214 81.0277758446 -44.2017846878 
64.6684 -40.5384 0.0 -186.327287481 81.0265384734 -44.1952308512 
64.6684 -40.5384 0.0 -186.328143518 81.0193605908 -44.1973698552 
64.6684 -40.5384 0.0 -186.315854391 81.0187640574 -44.2024207653 
64.6684 -40.5384 0.0 -186.326901768 81.0295599835 -44.1992651492 
64.6684 -40.5384 0.0 -186.330642479 81.0258418154 -44.1961370118 
64.6684 -40.5384 0.0 -186.315586068 81.0348472359 -44.1955051178 
64.6684 -40.5384 0.0 -186.313484578 81.0522225014 -44.1952505841 
64.6684 -40.5384 0.0 -186.312628331 81.0593958046 -44.1931032185 
64.6684 -40.5384 0.0 -186.314927664 81.0539460005 -44.192612927 
64.6684 -40.5384 0.0 -186.314071217 81.0611177809 -44.1904649305 
64.6684 -40.5384 0.0 -186.301781575 81.0605247236 -44.1955130061 
64.6684 -40.5384 0.0 -186.314071217 81.0611177809 -44.1904649305 
64.6684 -40.5384 0.0 -186.31598208 81.058698951 -44.1940067844 
64.6684 -40.5384 0.0 -186.329127126 81.0521200684 -44.1911032668 
64.6684 -40.5384 0.0 -186.332286659 81.0394982011 -44.1927546941 
64.6684 -40.5384 0.0 -186.364721734 81.0160533867 -44.1934917054 
64.6684 -40.5384 0.0 -186.283827968 80.9872466423 -44.1978529302 
64.6684 -40.5384 0.0 -186.297831292 80.9734851019 -44.1970469358 
64.6684 -40.5384 0.0 -186.306490857 81.0427914227 -44.1997605876 
64.6684 -40.5384 0.0 -186.307355589 81.0356031443 -44.2018796347 
64.6684 -40.5384 0.0 -186.324759093 81.0211567667 -44.2019220769 
64.6684 -40.5384 0.0 -186.324759093 81.0211567667 -44.2019220769 
64.6684 -40.5384 0.0 -186.324759093 81.0211567667 -44.2019220769 
64.6684 -40.5384 0.0 -186.312849962 81.0175356399 -44.2029627014 
64.6684 -40.5384 0.0 -186.299712123 81.0241068652 -44.2059110086 
64.6684 -40.5384 0.0 -186.300078461 81.0211031298 -44.2018827475 
64.6684 -40.5384 0.0 -186.275899214 81.0168603747 -44.2079715902 
64.6684 -40.5384 0.0 -186.360439719 81.0288711757 -44.2114278476 
64.6684 -40.5384 0.0 -186.362272179 81.0276095287 -44.20475696 
64.6684 -40.5384 0.0 -186.361410536 81.0347937585 -44.2026358907 
64.6684 -40.5384 0.0 -186.360171375 81.0449855509 -44.2045465625 
64.6684 -40.5384 0.0 -186.349349461 81.0461067648 -44.2069625157 
64.6684 -40.5384 0.0 -186.35080861 81.047844905 -44.2043221274 
64.6684 -40.5384 0.0 -186.349566707 81.0580397991 -44.2062286779 
64.6684 -40.5384 0.0 -186.339989643 81.0489614578 -44.2067333759 
64.6684 -40.5384 0.0 -186.339989643 81.0489614578 -44.2067333759 
64.6684 -40.5384 0.0 -186.340851803 81.0417795402 -44.2088597539 
64.6684 -40.5384 0.0 -186.344420402 81.0261433241 -44.2064295404 
64.6684 -40.5384 0.0 -186.332140431 81.0255182246 -44.2114805767 
64.6684 -40.5384 0.0 -186.323432594 81.0092558602 -44.214091146 
64.6684 -40.5384 0.0 -186.32429347 81.0020711929 -44.216210667 
64.6684 -40.5384 0.0 -186.327485082 80.9894400618 -44.2178045192 
64.6684 -40.5384 0.0 -186.315588491 81.0858071306 -44.2188083742 
64.6684 -40.5384 0.0 -186.303693882 81.0821739809 -44.2198070845 
64.6684 -40.5384 0.0 -186.306027546 81.0767280164 -44.2192815221 
64.6684 -40.5384 0.0 -186.293742659 81.0760911877 -44.2243256548 
64.6684 -40.5384 0.0 -186.291801256 81.0785406137 -44.2208006503 
64.6684 -40.5384 0.0 -186.293742659 81.0760911877 -44.2243256548 
64.6684 -40.5384 0.0 -186.292883584 81.0832767457 -44.2222091048 
64.6684 -40.5384 0.0 -186.30711273 81.0814659732 -44.2206871355 
64.6684 -40.5384 0.0 -186.306252405 81.0886506833 -44.218569996 
64.6684 -40.5384 0.0 -186.306252405 80.9886506833 -44.218569996 
64.6684 -40.5384 0.0 -186.2931075 80.9951989313 -44.2214955312 
64.6684 -40.5384 0.0 -186.292247695 81.0023817928 -44.2193744997 
64.6684 -40.5384 0.0 -186.291610032 81.0214835039 -44.2165259126 
64.6684 -40.5384 0.0 -186.271611966 81.057444441 -44.2100366307 
64.6684 -40.5384 0.0 -186.354627493 81.0956977044 -44.2084225074 
64.6684 -40.5384 0.0 -186.324894156 81.0374503519 -44.2055945981 
64.6684 -40.5384 0.0 -186.302793683 81.090704173 -44.1986582627 
64.6684 -40.5384 0.0 -186.27158558 81.0307124519 -44.1983424522 
64.6684 -40.5384 0.0 -186.255864982 81.0586977231 -44.1946397843 
64.6684 -40.5384 0.0 -186.342287127 81.069314214 -44.1912396335 
64.6684 -40.5384 0.0 -186.330830786 81.0615704651 -44.1984473278 
64.6684 -40.5384 0.0 -186.329789682 81.0568279104 -44.1970689232 
64.6684 -40.5384 0.0 -186.346983107 81.0305300257 -44.1981116652 
64.6684 -40.5384 0.0 -186.353353913 81.0053038826 -44.2014820264 
64.6684 -40.5384 0.0 -186.270124989 81.0820496396 -44.2065290431 
64.6684 -40.5384 0.0 -186.298771882 81.0635095115 -44.2003081494 
64.6684 -40.5384 0.0 -186.300483233 81.049196349 -44.2046313217 
64.6684 -40.5384 0.0 -186.302194953 81.0348774198 -44.2089479468 
64.6684 -40.5384 0.0 -186.307728688 81.0167990323 -44.2100875228 
64.6684 -40.5384 0.0 -186.307728688 81.0167990323 -44.2100875228 
64.6684 -40.5384 0.0 -186.318751613 81.0276205548 -44.2069519301 
64.6684 -40.5384 0.0 -186.318751613 81.0276205548 -44.2069519301 
64.6684 -40.5384 0.0 -186.317479563 81.0378213133 -44.2088432642 
64.6684 -40.5384 0.0 -186.326578871 81.0510586604 -44.202158202 
64.6684 -40.5384 0.0 -186.336126115 81.060175707 -44.2016702818 
64.6684 -40.5384 0.0 -186.332934001 81.0727923668 -44.2000114354 
64.6684 -40.5384 0.0 -186.330602211 81.0782501974 -44.2005118817 
64.6684 -40.5384 0.0 -186.342896282 81.0788605846 -44.1954757469 
64.6684 -40.5384 0.0 -186.364338945 80.9916306562 -44.1939692485 
64.6684 -40.5384 0.0 -186.37516372 80.9905317777 -44.1915879177 
64.6684 -40.5384 0.0 -186.374560587 80.9816639632 -44.1964085929 
64.6684 -40.5384 0.0 -186.390034736 81.0696536024 -44.1930232677 
64.6684 -40.5384 0.0 -186.401720317 81.0613844803 -44.1927890386 
64.6684 -40.5384 0.0 -186.31361332 81.0650320126 -44.1917704066 
64.6684 -40.5384 0.0 -186.311292233 81.0704829558 -44.1922704865 
64.6684 -40.5384 0.0 -186.308110587 81.0830995196 -44.1906122984 
64.6684 -40.5384 0.0 -186.319143151 81.0939104434 -44.1874298467 
64.6684 -40.5384 0.0 -186.301753514 81.0083302696 -44.1872809384 
64.6684 -40.5384 0.0 -186.297717316 81.0281040882 -44.1834412643 
64.6684 -40.5384 0.0 -186.283707199 81.0418276677 -44.1841492829 
64.6684 -40.5384 0.0 -186.352727425 81.0669031158 -44.1806214096 
64.6684 -40.5384 0.0 -186.325563636 81.0871796608 -44.1841531645 
64.6684 -40.5384 0.0 -186.293333483 81.0224512097 -44.1823823687 
64.6684 -40.5384 0.0 -186.351547616 81.0485819927 -44.1810675289 
64.6684 -40.5384 0.0 -186.321652279 81.0783520874 -44.1787087236 
64.6684 -40.5384 0.0 -186.30217413 81.0101169952 -44.1780042819 
64.6684 -40.5384 0.0 -186.295021827 81.0424472627 -44.1722496604 
64.6684 -40.5384 0.0 -186.268295925 81.0595836584 -44.1715491023 
64.6684 -40.5384 0.0 -186.338274081 81.0774381488 -44.1698954205 
64.6684 -40.5384 0.0 -186.306485469 81.1086332103 -44.1740654272 
64.6684 -40.5384 0.0 -186.278787511 81.0209949846 -44.1718997377 
64.6684 -40.5384 0.0 -186.277950063 81.028104412 -44.1696511878 
64.6684 -40.5384 0.0 -186.289806788 81.0317795865 -44.1687095758 
64.6684 -40.5384 0.0 -186.281089304 81.0155088372 -44.1714636059 
64.6684 -40.5384 0.0 -186.372226805 80.9873856934 -44.2750724317 
64.6684 -40.5384 0.0 -186.38722328 81.0784601107 -44.1759374782 
64.6684 -40.5384 0.0 -186.30222448 81.0695334752 -44.1767925229 
64.6684 -40.5384 0.0 -186.329092286 81.0642777161 -44.1766883448 
64.6684 -40.5384 0.0 -186.331398884 81.0587967655 -44.1762411521 
64.6684 -40.5384 0.0 -186.34556925 81.0569893495 -44.1748384582 
64.6684 -40.5384 0.0 -186.333706915 81.0533162744 -44.1757926155 
64.6684 -40.5384 0.0 -186.346412752 81.0498690552 -44.1770688557 
64.6684 -40.5384 0.0 -186.358737431 81.0504351528 -44.1720618577 
64.6684 -40.5384 0.0 -186.359581409 81.0433143777 -44.1742900058 
64.6684 -40.5384 0.0 -186.358118465 81.0416701672 -44.1769678198 
64.6684 -40.5384 0.0 -186.343947005 81.0434801114 -44.1783748348 
64.6684 -40.5384 0.0 -186.344410057 81.0403777841 -44.1743229252 
64.6684 -40.5384 0.0 -186.342105398 81.0458565924 -44.1747715526 
64.6684 -40.5384 0.0 -186.341642057 81.0489597603 -44.1788235371 
64.6684 -40.5384 0.0 -186.351666324 81.0550021195 -44.1742641183 
64.6684 -40.5384 0.0 -186.3533511 81.0407559555 -44.1787192065 
64.6684 -40.5384 0.0 -186.354193639 81.0336306773 -44.1809443155 
64.6684 -40.5384 0.0 -186.35465322 81.0305319698 -44.1768926799 
64.6684 -40.5384 0.0 -186.35465322 81.0305319698 -44.1768926799 
64.6684 -40.5384 0.0 -186.35465322 81.0305319698 -44.1768926799 
64.6684 -40.5384 0.0 -186.35465322 81.0305319698 -44.1768926799 
64.6684 -40.5384 0.0 -186.351510089 81.0431336335 -44.1751159387 
64.6684 -40.5384 0.0 -186.351510089 81.0431336335 -44.1751159387 
64.6684 -40.5384 0.0 -186.349210229 81.0486121297 -44.1755623784 
64.6684 -40.5384 0.0 -186.350051497 81.0414883566 -44.1777889214 
64.6684 -40.5384 0.0 -186.33672635 81.0361813214 -44.181413587 
64.6684 -40.5384 0.0 -186.345301742 81.0405756209 -44.1795239222 
64.6684 -40.5384 0.0 -186.334273814 81.0297919095 -44.182698398 
64.6684 -40.5384 0.0 -186.347442773 81.0232268671 -44.1799154308 
64.6684 -40.5384 0.0 -186.34598702 81.0215770759 -44.1825826812 
64.6684 -40.5384 0.0 -186.333964887 81.0060546129 -44.1843562802 
64.6684 -40.5384 0.0 -186.325075769 80.9779289298 -44.1878780495 
64.6684 -40.5384 0.0 -186.325754504 80.9589301069 -44.1908931588 
64.6684 -40.5384 0.0 -186.350166578 81.047210026 -44.1920224004 
64.6684 -40.5384 0.0 -186.350843374 81.028196869 -44.1950142646 
64.6684 -40.5384 0.0 -186.351518507 81.0091801832 -44.197992169 
64.6684 -40.5384 0.0 -186.343446484 81.0739088608 -44.2036171113 
64.6684 -40.5384 0.0 -186.355987539 81.0585132937 -44.205629542 
64.6684 -40.5384 0.0 -186.283980936 81.0310623549 -44.2043319395 
64.6684 -40.5384 0.0 -186.36173415 81.0976327288 -44.2112732927 
64.6684 -40.5384 0.0 -186.366351749 81.058805241 -44.2180157337 
64.6684 -40.5384 0.0 -186.379336374 81.040354361 -44.2158760747 
64.6684 -40.5384 0.0 -186.384957117 81.0062185958 -44.2240041817 
64.6684 -40.5384 0.0 -186.288916367 80.9864099485 -44.2278133356 
64.6684 -40.5384 0.0 -186.293324104 81.0635966048 -44.2275238999 
64.6684 -40.5384 0.0 -186.285411297 81.0401784921 -44.2322253975 
64.6684 -40.5384 0.0 -186.374368498 81.0293982326 -44.235270911 
64.6684 -40.5384 0.0 -186.362042168 81.0287858764 -44.2402738112 
64.6684 -40.5384 0.0 -186.361211123 81.035963035 -44.2381398213 
64.6684 -40.5384 0.0 -186.350809611 81.0340661599 -44.2364183813 
64.6684 -40.5384 0.0 -186.349979504 81.0412397023 -44.234282073 
64.6684 -40.5384 0.0 -186.361850059 81.0448471876 -44.2333778626 
64.6684 -40.5384 0.0 -186.364152253 81.039381758 -44.2328874773 
64.6684 -40.5384 0.0 -186.354586887 81.0303079119 -44.233299772 
64.6684 -40.5384 0.0 -186.345397893 81.0170510404 -44.2399378389 
64.6684 -40.5384 0.0 -186.347706523 81.0115848738 -44.1394421463 
64.6684 -40.5384 0.0 -186.351679201 80.9917667136 -44.1432039192 
64.6684 -40.5384 0.0 -186.335718626 81.06097141 -44.2456092119 
64.6684 -40.5384 0.0 -186.337576817 81.058486552 -44.249208586 
64.6684 -40.5384 0.0 -186.352220563 81.053655285 -44.2437061534 
64.6684 -40.5384 0.0 -186.339896751 81.053021266 -44.2487015528 
64.6684 -40.5384 0.0 -186.342218115 81.0475564578 -44.2481931811 
64.6684 -40.5384 0.0 -186.341386366 81.0547345922 -44.2460716622 
64.6684 -40.5384 0.0 -186.342417769 81.0594289232 -44.247544022 
64.6684 -40.5384 0.0 -186.329721287 81.062987116 -44.2463098114 
64.6684 -40.5384 0.0 -186.329721287 81.062987116 -44.2463098114 
64.6684 -40.5384 0.0 -186.318888487 81.0640599336 -44.2486681659 
64.6684 -40.5384 0.0 -186.318888487 81.0640599336 -44.2486681659 
64.6684 -40.5384 0.0 -186.332245155 81.0693898788 -44.2451458748 
64.6684 -40.5384 0.0 -186.333077731 81.0622150108 -44.2472721113 
64.6684 -40.5384 0.0 -186.320751308 81.0615775638 -44.2522657131 
64.6684 -40.5384 0.0 -186.350431118 81.0477305142 -44.1474810822 
64.6684 -40.5384 0.0 -186.351265493 81.040552303 -44.249601972 
64.6684 -40.5384 0.0 -186.376287796 81.0376339922 -44.2458230478 
64.6684 -40.5384 0.0 -186.394488625 81.0159685514 -44.2481141982 
64.6684 -40.5384 0.0 -186.395326373 81.008784482 -44.2502258086 
64.6684 -40.5384 0.0 -186.322243527 81.0033766595 -44.2499881445 
64.6684 -40.5384 0.0 -186.334120445 81.0069948999 -44.1490675701 
64.6684 -40.5384 0.0 -186.34875949 81.0021835086 -44.1435315526 
64.6684 -40.5384 0.0 -186.351503439 81.0925117611 -44.2491999157 
64.6684 -40.5384 0.0 -186.351932721 81.089541002 -44.2451120254 
64.6684 -40.5384 0.0 -186.363809853 80.9931586552 -44.2441838629 
64.6684 -40.5384 0.0 -186.376533442 81.0895856496 -44.1453534005 
64.6684 -40.5384 0.0 -186.367829174 81.0733243374 -44.1478596142 
64.6684 -40.5384 0.0 -186.383733132 81.0571013539 -44.1505901148 
64.6684 -40.5384 0.0 -186.297725759 81.0433622058 -44.249754691 
64.6684 -40.5384 0.0 -186.311716905 81.0296206398 -44.2489098889 
64.6684 -40.5384 0.0 -186.325706563 81.015876665 -44.2480557109 
64.6684 -40.5384 0.0 -186.32529716 81.0188297663 -44.1521372369 
64.6684 -40.5384 0.0 -186.337592716 81.0194851842 -44.1471092623 
64.6684 -40.5384 0.0 -186.312563274 81.0224211002 -44.2509963181 
64.6684 -40.5384 0.0 -186.300678889 81.0188106022 -44.2519349876 
64.6684 -40.5384 0.0 -186.375650319 81.0217405908 -44.2558006115 
64.6684 -40.5384 0.0 -186.374806462 81.0289383544 -44.2537118573 
64.6684 -40.5384 0.0 -186.352116507 81.0264098943 -44.1570262703 
64.6684 -40.5384 0.0 -186.341737953 81.0245346197 -44.1553166826 
64.6684 -40.5384 0.0 -186.330931087 81.0256124249 -44.1576979443 
64.6684 -40.5384 0.0 -186.319283395 81.0338792166 -44.1579814178 
64.6684 -40.5384 0.0 -186.30046537 81.0275995932 -44.1580873879 
64.6684 -40.5384 0.0 -186.363356867 81.0417014149 -44.1662547349 
64.6684 -40.5384 0.0 -186.329510374 81.0443885629 -44.2656368024 
64.6684 -40.5384 0.0 -186.322137383 81.0446572898 -44.2689109561 
64.6684 -40.5384 0.0 -186.309665948 81.0600588861 -44.1670337508 
64.6684 -40.5384 0.0 -186.309517438 81.0761221768 -44.1601548287 
64.6684 -40.5384 0.0 -186.2887735 81.0710153964 -44.1669362377 
64.6684 -40.5384 0.0 -186.282732723 81.0611080926 -44.168183782 
64.6684 -40.5384 0.0 -186.284881788 81.0437825789 -44.1682952342 
64.6684 -40.5384 0.0 -186.300555446 81.0157572425 -44.1717441748 
64.6684 -40.5384 0.0 -186.320749188 80.96492681 -44.1746808536 
64.6684 -40.5384 0.0 -186.316066046 81.0008168917 -44.1881104633 
64.6684 -40.5384 0.0 -186.336842712 81.0308772435 -44.1935034237 
64.6684 -40.5384 0.0 -186.359277745 81.0464845611 -44.2028270058 
64.6684 -40.5384 0.0 -186.28253254 81.0548008903 -44.2139414933 
64.6684 -40.5384 0.0 -186.2830256 81.0767345239 -44.1214096769 
64.6684 -40.5384 0.0 -186.353174111 81.0315431106 -44.1313172285 
64.6684 -40.5384 0.0 -186.295833184 81.0109218089 -44.2389584804 
64.6684 -40.5384 0.0 -186.262492338 81.0093514637 -44.1444819919 
64.6684 -40.5384 0.0 -186.303820574 81.0149836532 -44.1475314199 
64.6684 -40.5384 0.0 -186.345191371 81.0205555729 -44.2504727599 
64.6684 -40.5384 0.0 -186.284998402 81.0243181789 -44.2559331149 
64.6684 -40.5384 0.0 -186.332325124 81.0397594183 -44.2575864298 
64.6684 -40.5384 0.0 -186.271918274 81.0316586097 -44.1632953752 
64.6684 -40.5384 0.0 -186.323341188 81.0271777472 -44.1682263239 
64.6684 -40.5384 0.0 -186.26349811 81.0425928991 -44.1728878723 
64.6684 -40.5384 0.0 -186.298335423 81.0614908814 -44.1727938974 
64.6684 -40.5384 0.0 -186.295097545 80.9894943724 -44.1787823907 
64.6684 -40.5384 0.0 -186.334307341 81.0001651794 -44.1814297048 
